1000000000000000000000000000000000000000000000000000000000000000000 1000000000000000000000000000000000000000000000000000000001000000000
2000000000000000000000000000000000000000000000000000000000000000000000000000000000000000000000000 2000000000000000000000000000000000000000000000000000000000000000000000000000000000000001000000000
5000000000000000000000000000000000 5000000000000000000000001000000000
50000000000000000000000000000000000000000000000000000000000000 50000000000000000000000000000000000000000000000000001000000000
5000000000000000000000000000000000000000000000000000000000000000000000000000000000000000000 5000000000000000000000000000000000000000000000000000000000000000000000000000000001000000000
700000000000000000000000000000000000000000 700000000000000000000000000000001000000000
4000000000000000000000000000000000000000000000000000000000000000000000000000000000000000000000 4000000000000000000000000000000000000000000000000000000000000000000000000000000000001000000000
60000000000000000000000000 60000000000000001000000000
900000000000000000000000000000000000000 900000000000000000000000000001000000000
2000000000000000000000000000000000000000000000000000000000000 2000000000000000000000000000000000000000000000000001000000000
5000000000000000000000000000000000000000000000000000000000000000000000000000000000 5000000000000000000000000000000000000000000000000000000000000000000000001000000000
900000000000000000000000000000000000000000000000000000000000000000000000000000000 900000000000000000000000000000000000000000000000000000000000000000000001000000000
200000000000000000000000000000000000000000000000 200000000000000000000000000000000000001000000000
30000000000000000000000000000000000000000000000000000000000000000000000000000000000000 30000000000000000000000000000000000000000000000000000000000000000000000000001000000000
2000000000000000000000000000000000000000000000000000000000000000000000000000000000000000 2000000000000000000000000000000000000000000000000000000000000000000000000000001000000000
50000000000000000000000000000000000000000000 50000000000000000000000000000000001000000000
40000000000000000000 40000000001000000000
1000000000000000000000000000000000000000000000000000000000000 1000000000000000000000000000000000000000000000000001000000000
60000000000000000000000000 60000000000000001000000000
9000000000000000000000000000000000000000000000000 9000000000000000000000000000000000000001000000000
8000000000000000000000000000000000000000000000000 8000000000000000000000000000000000000001000000000
300000000000000000000000000 300000000000000001000000000
3000000000000000000000000000000000000000000000000000000000000000000000000000000000 3000000000000000000000000000000000000000000000000000000000000000000000001000000000
700000000000000000000000000000 700000000000000000001000000000
900000000000000000000000000000000000000000 900000000000000000000000000000001000000000
50000000000000000000000000000000000000000000000000000 50000000000000000000000000000000000000000001000000000
80000000000000000000000000000000000000000000 80000000000000000000000000000000001000000000
2000000000000000000000000000000000000000000000000000000000000000000000000000000000000000000000000 2000000000000000000000000000000000000000000000000000000000000000000000000000000000000001000000000
30000000000000000000000 30000000000001000000000
10000000000000000000000000000000000000000 10000000000000000000000000000001000000000
50000000000000000000000000000000 50000000000000000000001000000000
30000000000000000000000000000000000000000000000000 30000000000000000000000000000000000000001000000000
3000000000000000000000000000000000000000000000000000000000 3000000000000000000000000000000000000000000000001000000000
200000000000000000000000000000000000000000000000000000000000000000000000000 200000000000000000000000000000000000000000000000000000000000000001000000000
900000000000000000000000000000000000 900000000000000000000000001000000000
100000000000000000000000 100000000000001000000000
10000000000 11000000000
5000000000000000000000000000000000000000000000 5000000000000000000000000000000000001000000000
7000000000000000000 7000000001000000000
60000000000000000000000000000000000000000000000 60000000000000000000000000000000000001000000000
2000000000000000000000000000000000000000 2000000000000000000000000000001000000000
4000000000000000000000000000000000000000000000000000000000000 4000000000000000000000000000000000000000000000000001000000000
7000000000000000000000000000000000000000000000000000000 7000000000000000000000000000000000000000000001000000000
500000000000000000000000000 500000000000000001000000000
90000000000000000000000000000000000000000000000000000000000000000000000000000000000 90000000000000000000000000000000000000000000000000000000000000000000000001000000000
50000000000 51000000000
2000000000000000000000000000000000000000000000000000 2000000000000000000000000000000000000000001000000000
70000000000000000 70000001000000000
40000000000000000000000000000000000000000000000000000000000000000000000000000000000000000000000000 40000000000000000000000000000000000000000000000000000000000000000000000000000000000000001000000000
900000000000 901000000000
4000000000000000000000000000000000000000000000000000000000000000000000 4000000000000000000000000000000000000000000000000000000000001000000000
50000000000000000000000000000000000000000000000000000000000000000000000000000000 50000000000000000000000000000000000000000000000000000000000000000000001000000000
100000000000000000000000000000000000000000000000000000000000000000000000000000000000 100000000000000000000000000000000000000000000000000000000000000000000000001000000000
5000000000000000000000000000000000 5000000000000000000000001000000000
300000000000000000000000000000000000000000000000000000000000000000000000000000000000000 300000000000000000000000000000000000000000000000000000000000000000000000000001000000000
3000000000000000000000000000000000 3000000000000000000000001000000000
300000000000000000000000000000000000000000000000000000000000000000000000000 300000000000000000000000000000000000000000000000000000000000000001000000000
5000000000000000000000000000000000 5000000000000000000000001000000000
1000000000000000000000000000000000000000000000000000000000000000000000000000000000000000000000 1000000000000000000000000000000000000000000000000000000000000000000000000000000000001000000000
40000000000000000000000000000000000000000000000000000000 40000000000000000000000000000000000000000000001000000000
30000000000000000000000000000000000000000000000000000000000000000000000000000000000000000000000 30000000000000000000000000000000000000000000000000000000000000000000000000000000000001000000000
800000000000000000000000000 800000000000000001000000000
1000000000000000000000000000000000 1000000000000000000000001000000000
800000000000000000000000000000000000000000000000000000000000000000 800000000000000000000000000000000000000000000000000000001000000000
400000000000000000000000000000000 400000000000000000000001000000000
200000000000000000000 200000000001000000000
80000000000000000000000000000000000000000000000000000000000000000000000000000 80000000000000000000000000000000000000000000000000000000000000000001000000000
200000000000000000000000000000000000000000000000000000000 200000000000000000000000000000000000000000000001000000000
200000000000000000000000000000000000000000000000000000000000000000000000000000 200000000000000000000000000000000000000000000000000000000000000000001000000000
60000000000000000000000000000000000000000000000000000000000000000000000000000000000000000 60000000000000000000000000000000000000000000000000000000000000000000000000000001000000000
90000000000000000000000000000000000000000000000000000000000000000000000000000 90000000000000000000000000000000000000000000000000000000000000000001000000000
900000000000000000000000000000000000000000000 900000000000000000000000000000000001000000000
600000000000000000000000000000000000000000000000000000000000000000000000000000000000000000 600000000000000000000000000000000000000000000000000000000000000000000000000000001000000000
2000000000000000000000000 2000000000000001000000000
60000000000000000000000000000000000000000000000000000000000000000000000000000000 60000000000000000000000000000000000000000000000000000000000000000000001000000000
9000000000000000000000000000000000000000000 9000000000000000000000000000000001000000000
300000000000000000000000000 300000000000000001000000000
300000000000000000000000000000000000000000000000000000000000000000000000000000000000000000 300000000000000000000000000000000000000000000000000000000000000000000000000000001000000000
80000000000000000000000 80000000000001000000000
40000000000000000000000000000000 40000000000000000000001000000000
7000000000000000000 7000000001000000000
200000000000000000000000 200000000000001000000000
5000000000000000000000000000000000000000000000000000000000000000000000000000000000000000 5000000000000000000000000000000000000000000000000000000000000000000000000000001000000000
300000000000000000000 300000000001000000000
90000000000000000000000000000000000000000 90000000000000000000000000000001000000000
2000000000000000000000000000000000000000000 2000000000000000000000000000000001000000000
3000000000000 3001000000000
1000000000000000000000000000000000000000 1000000000000000000000000000001000000000
700000000000000000000000000000000000000000000000000000000000000000000000000000000000000000 700000000000000000000000000000000000000000000000000000000000000000000000000000001000000000
10000000000000000000000000000000 10000000000000000000001000000000
9000000000000000000000000000000000000000000000 9000000000000000000000000000000000001000000000
40000000000000000000000000000000 40000000000000000000001000000000
80000000000000000000000000000000000000000000000000000000000 80000000000000000000000000000000000000000000000001000000000
400000000000000000000000000000000000000000000000000000000000000000000 400000000000000000000000000000000000000000000000000000000001000000000
20000000000000000000000000000000000000000 20000000000000000000000000000001000000000
4000000000000000000000000000000000000000000000000000000000000000000000000000000 4000000000000000000000000000000000000000000000000000000000000000000001000000000
400000000000000000000000000000000000000000000000000000 400000000000000000000000000000000000000000001000000000
8000000000000000000 8000000001000000000
8000000000000000000000000000000000000000000000000000000000000000000000000000 8000000000000000000000000000000000000000000000000000000000000000001000000000
500000000000000000000000000000000000000000000000000000000000000000000 500000000000000000000000000000000000000000000000000000000001000000000
1000000000000000000000000000000000000000000000000000000000000 1000000000000000000000000000000000000000000000000001000000000
9000000000000000000000 9000000000001000000000
90000000000000000 90000001000000000
60000000000000000000000000000000000000000000000000000000000000 60000000000000000000000000000000000000000000000000001000000000
20000000000000000000000000000000000000000000000000000000000000000 20000000000000000000000000000000000000000000000000000001000000000
300000000000000000000000000000000 300000000000000000000001000000000
900000000000000000000000000000000000000000 900000000000000000000000000000001000000000
2000000000000000000000000000000000000000000000000000000000000000000 2000000000000000000000000000000000000000000000000000000001000000000
7000000000000000000000 7000000000001000000000
10000000000000000000000000000000000000000000000000000000000000000000000000000000000000 10000000000000000000000000000000000000000000000000000000000000000000000000001000000000
100000000000000000000000000000000000000000 100000000000000000000000000000001000000000
60000000000000000000000000000000000000000000000000000000000000000000000000000000000000000000000000 60000000000000000000000000000000000000000000000000000000000000000000000000000000000000001000000000
2000000000000000000000000000000000000000000000000000000000000000000000000000000000000000000 2000000000000000000000000000000000000000000000000000000000000000000000000000000001000000000
500000000000000000000000000000000000000000000000000000000000000000000000000000000000000000 500000000000000000000000000000000000000000000000000000000000000000000000000000001000000000
800000000000000000000000000000000000000 800000000000000000000000000001000000000
4000000000000000000000000000000000000000000000 4000000000000000000000000000000000001000000000
60000000000000000000000000000000000000000000 60000000000000000000000000000000001000000000
40000000000000 40001000000000
600000000000000000000000000000000000000000000000000000000000000000000000000000000000000000000000000 600000000000000000000000000000000000000000000000000000000000000000000000000000000000000001000000000
80000000000000000000000000000000000000000000000000000000000000000000000000000000000000000000000000 80000000000000000000000000000000000000000000000000000000000000000000000000000000000000001000000000
4000000000000000000000000000000000 4000000000000000000000001000000000
3000000000000000000000000000000000000000000000000000000000000000000000000000000000000000000000000 3000000000000000000000000000000000000000000000000000000000000000000000000000000000000001000000000
30000000000000000000000000000000000000000000 30000000000000000000000000000000001000000000
900000000000000000000000000000000000000000000000000000000000000000000000000000000000 900000000000000000000000000000000000000000000000000000000000000000000000001000000000
5000000000000000000000 5000000000001000000000
50000000000000000000000000000000000000000000000000000000000 50000000000000000000000000000000000000000000000001000000000
6000000000000000000000 6000000000001000000000
600000000000000 600001000000000
200000000000000000000000000000000000000000000000000000000000000000000000000000000000000000000 200000000000000000000000000000000000000000000000000000000000000000000000000000000001000000000
30000000000000000000000000000000000000000000000000000000000000000000000000000000000000 30000000000000000000000000000000000000000000000000000000000000000000000000001000000000
100000000000000000000000000000000000000000000000000000000000 100000000000000000000000000000000000000000000000001000000000
40000000000000000000000000000000000000000000000000000000000000000000000000000000000 40000000000000000000000000000000000000000000000000000000000000000000000001000000000
700000000000000000000000000000000000000000000000 700000000000000000000000000000000000001000000000
70000000000000000000000000 70000000000000001000000000
300000000000000000000000000000000000000000000000000000000000000000000 300000000000000000000000000000000000000000000000000000000001000000000
50000000000000 50001000000000
1000000000000000000000000000000000000000000000000000000000000000000000000000000000000000000000000000 1000000000000000000000000000000000000000000000000000000000000000000000000000000000000000001000000000
300000000000000000000000000000000000000000000000000000000000000 300000000000000000000000000000000000000000000000000001000000000
200000000000000000000 200000000001000000000
7000000000000000000000000000000000000000000000000000000000000000000000000000000000000000000000000000 7000000000000000000000000000000000000000000000000000000000000000000000000000000000000000001000000000
30000000000000000000 30000000001000000000
1000000000000000000000000000000000000 1000000000000000000000000001000000000
900000000000000000000000000000 900000000000000000001000000000
100000000000000000000000000000000000000000000000000000000000000000000000 100000000000000000000000000000000000000000000000000000000000001000000000
500000000000000000000000000000000000000000000000000000000000000000000000000000000000000000000000 500000000000000000000000000000000000000000000000000000000000000000000000000000000000001000000000
80000000000000000000000000000000000000000000000000000000000000000000000000000000000000000000000 80000000000000000000000000000000000000000000000000000000000000000000000000000000000001000000000
700000000000000000000 700000000001000000000
10000000000000000000000000000000000000000000000000000 10000000000000000000000000000000000000000001000000000
800000000000000000000000000000000000000000000000000000000 800000000000000000000000000000000000000000000001000000000
800000000000000000000000000000000000000000000000000000000000000000000000000000000000000000000000000 800000000000000000000000000000000000000000000000000000000000000000000000000000000000000001000000000
2000000000000000000000000000000000000000000000000000000000000000000000000000000000000000000000000000 2000000000000000000000000000000000000000000000000000000000000000000000000000000000000000001000000000
600000000000000000000000 600000000000001000000000
2000000000000000000000000000000000000000000000000000000000000000000000000000000000000000000000000000 2000000000000000000000000000000000000000000000000000000000000000000000000000000000000000001000000000
3000000000000000000000000000000000000000000000000 3000000000000000000000000000000000000001000000000
30000000000000000000000000000000000000000000000000000000000000000000000 30000000000000000000000000000000000000000000000000000000000001000000000
2000000000000000000000000 2000000000000001000000000
2000000000000000000000000000000000000000000000000000000000000000000 2000000000000000000000000000000000000000000000000000000001000000000
50000000000000000000000000000000000000000000000 50000000000000000000000000000000000001000000000
90000000000000000000000000000000000000000000000000000000000000 90000000000000000000000000000000000000000000000000001000000000
3000000000000000000000000000000000000000000000000000000000000000000000000 3000000000000000000000000000000000000000000000000000000000000001000000000
800000000000000000000000000000000000000000000000000000000000000000 800000000000000000000000000000000000000000000000000000001000000000
1000000000000000000000000000000000000000000000000000000000000000000000000 1000000000000000000000000000000000000000000000000000000000000001000000000
8000000000000000000000000000000000000000000000000000 8000000000000000000000000000000000000000001000000000
4000000000000000000000000000000000000000000000000000000000000000000 4000000000000000000000000000000000000000000000000000000001000000000
200000000000000000000000000000000000000000000000000000000000000000000000000000 200000000000000000000000000000000000000000000000000000000000000000001000000000
80000000000000000000000000000000000000 80000000000000000000000000001000000000
30000000000 31000000000
50000000000000000000000000000000000000000000000000000000000000000000000000000000000000000 50000000000000000000000000000000000000000000000000000000000000000000000000000001000000000
90000000000 91000000000
6000000000000000000000000000000000000000000000000000000000000000000000000000 6000000000000000000000000000000000000000000000000000000000000000001000000000
40000000000000000000000000000000000000000000000000000000000000000000000000000000 40000000000000000000000000000000000000000000000000000000000000000000001000000000
9000000000000000000000000000000000000000000 9000000000000000000000000000000001000000000
100000000000000000000000000000000000000000000000000000000000000000000000000000000000000000000000000 100000000000000000000000000000000000000000000000000000000000000000000000000000000000000001000000000
3000000000000000000000000000000000000000000000000000000000000000 3000000000000000000000000000000000000000000000000000001000000000
60000000000000000000000000000000000000000000000000000000000000000000000000000000 60000000000000000000000000000000000000000000000000000000000000000000001000000000
900000000000000000000000000000000000000000000000000000000000000 900000000000000000000000000000000000000000000000000001000000000
6000000000000000000000000000000000000000000000000000000000000000000000000000 6000000000000000000000000000000000000000000000000000000000000000001000000000
80000000000000000000000000 80000000000000001000000000
80000000000000000000000000000000000 80000000000000000000000001000000000
9000000000000000000000000000000000000000 9000000000000000000000000000001000000000
90000000000000000000 90000000001000000000
8000000000000000000000000000000000000000000000000000000000 8000000000000000000000000000000000000000000000001000000000
6000000000000000000000000 6000000000000001000000000
300000000000000000000000000000000000000000000000000000000000000000000000000000000000000 300000000000000000000000000000000000000000000000000000000000000000000000000001000000000
2000000000000000000000000000000000000000000000000000000000000000000000000 2000000000000000000000000000000000000000000000000000000000000001000000000
90000000000000 90001000000000
400000000000000000000 400000000001000000000
10000000000000000000000000000000000000000000000000000000000000 10000000000000000000000000000000000000000000000000001000000000
400000000000000000000000000000000000000000000000000000000000000000 400000000000000000000000000000000000000000000000000000001000000000
900000000000000000000000000000000000000000000000000000 900000000000000000000000000000000000000000001000000000
800000000000000000000000000000000000 800000000000000000000000001000000000
600000000000000000000000000 600000000000000001000000000
6000000000000000000000000000000 6000000000000000000001000000000
20000000000000000000000000000000000000000000000 20000000000000000000000000000000000001000000000
100000000000000000000000000000000000 100000000000000000000000001000000000
30000000000000000000000000000000000000000000000000000000000000000000000000000000000000000000000000000 30000000000000000000000000000000000000000000000000000000000000000000000000000000000000000001000000000
40000000000000000000000000000000000000000000000000000000000000000000000000000000000000000000000 40000000000000000000000000000000000000000000000000000000000000000000000000000000000001000000000
60000000000000 60001000000000
300000000000000000000000000000000000000000000000000000000000000000000000000000000000000000 300000000000000000000000000000000000000000000000000000000000000000000000000000001000000000
2000000000000000000000000000000000000000000000000000000 2000000000000000000000000000000000000000000001000000000
1000000000000000000000000000000 1000000000000000000001000000000
2000000000000000000000000000000000000000000000000000000000000000000000000000000000000000000000 2000000000000000000000000000000000000000000000000000000000000000000000000000000000001000000000
200000000000000000000000000000000000000000000000000000000000000000000000000000000 200000000000000000000000000000000000000000000000000000000000000000000001000000000
5000000000000000000000000000000000000000000000000000000000000000000 5000000000000000000000000000000000000000000000000000000001000000000
50000000000000000000000000000000000000000000000000000 50000000000000000000000000000000000000000001000000000
40000000000000000000000000000000000000000000000000000000000000000000000000000000000000000000000000 40000000000000000000000000000000000000000000000000000000000000000000000000000000000000001000000000
200000000000000000000000000000000000000000 200000000000000000000000000000001000000000
1000000000000000000000000000000000000000000000000000000000000000000000000000000000000000 1000000000000000000000000000000000000000000000000000000000000000000000000000001000000000
20000000000000000000000000000000000000000000000000000000000000000000000000 20000000000000000000000000000000000000000000000000000000000000001000000000
8000000000000000000000000000000000000000000000000000000000000000000000000000000000000 8000000000000000000000000000000000000000000000000000000000000000000000000001000000000
80000000000000000000000000000000000000000000000 80000000000000000000000000000000000001000000000
6000000000000000000000000000 6000000000000000001000000000
800000000000000000000000000000000000000000000000000000000000000000000000000 800000000000000000000000000000000000000000000000000000000000000001000000000
700000000000000000000000000000000 700000000000000000000001000000000
90000000000000000000000000000000000000000000000000000000000000000000000000000000000000000000000000 90000000000000000000000000000000000000000000000000000000000000000000000000000000000000001000000000
30000000000000000000000000000000000000000000000000000000000000000000000000 30000000000000000000000000000000000000000000000000000000000000001000000000
400000000000000000000000000000000000000000000000000000000000000 400000000000000000000000000000000000000000000000000001000000000
8000000000000000000000000000000000000000000000000000000000000000000000000000000000000000000000000 8000000000000000000000000000000000000000000000000000000000000000000000000000000000000001000000000
40000000000000000000000000000000000000000000000000000000000000000000000000 40000000000000000000000000000000000000000000000000000000000000001000000000
80000000000000000000000000000000000000000000000000000000000000000000000000000000 80000000000000000000000000000000000000000000000000000000000000000000001000000000
300000000000000000000000000000000000000000000000000 300000000000000000000000000000000000000001000000000
8000000000000000000000000000000000000000000000000000000000000000000000 8000000000000000000000000000000000000000000000000000000000001000000000
40000000000000000 40000001000000000
4000000000000000000000000000000000000000 4000000000000000000000000000001000000000
30000000000000000000000000000000000000000000000000 30000000000000000000000000000000000000001000000000
20000000000000000000000000000000000000000000000000000000000000 20000000000000000000000000000000000000000000000000001000000000
50000000000000000000000 50000000000001000000000
400000000000000000000000000000000000000 400000000000000000000000000001000000000
10000000000000000000000000 10000000000000001000000000
4000000000000000000000000000000000000 4000000000000000000000000001000000000
300000000000000000000000000000000000000 300000000000000000000000000001000000000
80000000000000000000000000000000000000000000000000000000000000000000000000000 80000000000000000000000000000000000000000000000000000000000000000001000000000
8000000000000000000000000000000000000000000000000000000000000000000000000000000000000000000000000 8000000000000000000000000000000000000000000000000000000000000000000000000000000000000001000000000
8000000000000000000000000000000000000000000000000000000000000000000000000000000000000000000000000 8000000000000000000000000000000000000000000000000000000000000000000000000000000000000001000000000
60000000000000000000000000000000000000000000000000000000000000000000000000 60000000000000000000000000000000000000000000000000000000000000001000000000
90000000000000000000000000000000000000000000000000000 90000000000000000000000000000000000000000001000000000
20000000000000000000000000000000000000000000000000000000000000000000000000000000000 20000000000000000000000000000000000000000000000000000000000000000000000001000000000
30000000000000000000000000 30000000000000001000000000
800000000000000000000000000000000000000000000000000000000000000000000000000000000000 800000000000000000000000000000000000000000000000000000000000000000000000001000000000
9000000000000000000000000000000000000000000000000000000000000000000000000 9000000000000000000000000000000000000000000000000000000000000001000000000
500000000000000000000000000000000000000000000000000000000000000 500000000000000000000000000000000000000000000000000001000000000
7000000000000 7001000000000
40000000000000000000000000000000000000000000000000000 40000000000000000000000000000000000000000001000000000
100000000000000000000000000000000000000000000000000000000000000000000000000000000000000000000 100000000000000000000000000000000000000000000000000000000000000000000000000000000001000000000
90000000000000000000000000000000000000000000000000000000000000 90000000000000000000000000000000000000000000000000001000000000
9000000000000000000000000000000000000000000000000 9000000000000000000000000000000000000001000000000
40000000000000000000000000000000000000000000000000000000000 40000000000000000000000000000000000000000000000001000000000
800000000000 801000000000
500000000000000000000000000000000000000000000000000000000 500000000000000000000000000000000000000000000001000000000
300000000000000000000000000000000000000000000000000000000000000000000000000000000000000000 300000000000000000000000000000000000000000000000000000000000000000000000000000001000000000
6000000000000000000000000000000000000000000000000000000000000000000000000000000000000000000000000000 6000000000000000000000000000000000000000000000000000000000000000000000000000000000000000001000000000
40000000000000000000000000000000000000000000000000000000000000000 40000000000000000000000000000000000000000000000000000001000000000
70000000000 71000000000
9000000000000000000000000000000000000 9000000000000000000000000001000000000
600000000000000000000000000000000000 600000000000000000000000001000000000
30000000000000000000000000000000000000000000000000000000000 30000000000000000000000000000000000000000000000001000000000
9000000000000000000000000000000000000000000000000000000000000000000000000000000000000000 9000000000000000000000000000000000000000000000000000000000000000000000000000001000000000
8000000000000000000000000000000000000000 8000000000000000000000000000001000000000
8000000000000000000000000000000 8000000000000000000001000000000
600000000000000 600001000000000
20000000000000000000000000000 20000000000000000001000000000
30000000000000000000000000000000000000000000000000000 30000000000000000000000000000000000000000001000000000
40000000000000000000000000000000000000000000000000000000 40000000000000000000000000000000000000000000001000000000
600000000000000000000000000000000000000000000000000 600000000000000000000000000000000000000001000000000
6000000000000000000000000000000000000000000000000000000000000 6000000000000000000000000000000000000000000000000001000000000
300000000000000000000000000000000000000000000000000000000000000 300000000000000000000000000000000000000000000000000001000000000
900000000000000000000000000000000000000000 900000000000000000000000000000001000000000
2000000000000000000000000000000000000000000000000000000000000000000000000000 2000000000000000000000000000000000000000000000000000000000000000001000000000
4000000000000000 4000001000000000
80000000000000000000000000000000000000 80000000000000000000000000001000000000
70000000000000000000000000000000000000000000000000000000000000000000000000000 70000000000000000000000000000000000000000000000000000000000000000001000000000
30000000000000000000000000000000000000000000000000000000000000000000000000000000000000000000000000 30000000000000000000000000000000000000000000000000000000000000000000000000000000000000001000000000
400000000000000000000 400000000001000000000
6000000000000000000000000000000 6000000000000000000001000000000
800000000000000000000000000000000 800000000000000000000001000000000
20000000000000000000000000000000000000000000000 20000000000000000000000000000000000001000000000
2000000000000000000000000000000000000000000000000000000000000000000000000000000000000000000000000000 2000000000000000000000000000000000000000000000000000000000000000000000000000000000000000001000000000
80000000000000000000000000000000000000000000000000000000000000000000000000000000000000000000000 80000000000000000000000000000000000000000000000000000000000000000000000000000000000001000000000
700000000000000000000000000000000000000000000000000000000000000000000000000000000000000000000 700000000000000000000000000000000000000000000000000000000000000000000000000000000001000000000
8000000000000000000000000000000000000000000000000000000000000000000000000000000000000000000 8000000000000000000000000000000000000000000000000000000000000000000000000000000001000000000
90000000000000000000000000000000000000000000000000000000000000000000000000000 90000000000000000000000000000000000000000000000000000000000000000001000000000
40000000000000000000000000000000000000000000000000000000000000000000000000 40000000000000000000000000000000000000000000000000000000000000001000000000
900000000000000000000000000000000000000000000000 900000000000000000000000000000000000001000000000
60000000000000000000000000000000000000000000000000000000000000000000000000000000000000 60000000000000000000000000000000000000000000000000000000000000000000000000001000000000
3000000000000000000000000000000000000000000000000000000000000000000000000000000000000000000 3000000000000000000000000000000000000000000000000000000000000000000000000000000001000000000
60000000000000000000000 60000000000001000000000
6000000000000000000000000000000000000000000000000000000000000 6000000000000000000000000000000000000000000000000001000000000
9000000000000000000000000000000000000000000000000000000000000000000000000 9000000000000000000000000000000000000000000000000000000000000001000000000
500000000000000000000000000000000000000000000000 500000000000000000000000000000000000001000000000
200000000000000000000 200000000001000000000
900000000000000000000000000000000000000000000000000000000000000000 900000000000000000000000000000000000000000000000000000001000000000
1000000000000000000000000000000 1000000000000000000001000000000
40000000000000000 40000001000000000
6000000000000000000000 6000000000001000000000
700000000000000000000000000000000000000000 700000000000000000000000000000001000000000
5000000000000000000000000000 5000000000000000001000000000
7000000000000000 7000001000000000
10000000000000000000000000000000000000000000000000000000 10000000000000000000000000000000000000000000001000000000
900000000000000000000000000000000000000000000 900000000000000000000000000000000001000000000
30000000000 31000000000
700000000000000000000000000000000000000000000 700000000000000000000000000000000001000000000
4000000000000000000000000000000000000000000000000000000000000000 4000000000000000000000000000000000000000000000000000001000000000
80000000000000000000000000000000000000000000000000000000000000000000000000000000 80000000000000000000000000000000000000000000000000000000000000000000001000000000
4000000000000000000000000000000000000000000000000000000000000000000000000000 4000000000000000000000000000000000000000000000000000000000000000001000000000
80000000000000000000000000000000000000000000000000000000000000000000000000000000 80000000000000000000000000000000000000000000000000000000000000000000001000000000
800000000000000000000000000 800000000000000001000000000
7000000000000000000000000000000000000000 7000000000000000000000000000001000000000
1000000000000000000000000000000000000000000000000000000000000000000000000000 1000000000000000000000000000000000000000000000000000000000000000001000000000
800000000000000000 800000001000000000
1000000000000000000000000000000000 1000000000000000000000001000000000
2000000000000000000000000000000000000000000000000000000000000000000000000000000000000 2000000000000000000000000000000000000000000000000000000000000000000000000001000000000
8000000000000000000000000000 8000000000000000001000000000
200000000000000000000000000000000000000000000000000000000000000000000000000000000000 200000000000000000000000000000000000000000000000000000000000000000000000001000000000
40000000000000000000000000000000000000000000000000000000000000000000000000 40000000000000000000000000000000000000000000000000000000000000001000000000
300000000000000000000000000000000000000000000000000000000000000000000000000000 300000000000000000000000000000000000000000000000000000000000000000001000000000
40000000000000000000000000000000000000000000000000000000000000000000000000000000000000000 40000000000000000000000000000000000000000000000000000000000000000000000000000001000000000
3000000000000000000000000000 3000000000000000001000000000
4000000000000000000000000000000000000000000000000000000000000000000 4000000000000000000000000000000000000000000000000000000001000000000
8000000000000000000000000 8000000000000001000000000
50000000000000000000000000000000000000000000 50000000000000000000000000000000001000000000
800000000000000000000000000000000000000000000000000000000000000000000000000000000000000000000 800000000000000000000000000000000000000000000000000000000000000000000000000000000001000000000
60000000000000000000000000000000000000 60000000000000000000000000001000000000
100000000000000000000000000000000 100000000000000000000001000000000
800000000000000000000000000000000000000000000000000000000000000 800000000000000000000000000000000000000000000000000001000000000
6000000000000000000000000000000000000000000000000000000000 6000000000000000000000000000000000000000000000001000000000
30000000000000000000000000000000000000000000000000000000000000000000000000000 30000000000000000000000000000000000000000000000000000000000000000001000000000
6000000000000000000000000000000000000000000000000 6000000000000000000000000000000000000001000000000
3000000000000000000000000000000000000000000000000000000 3000000000000000000000000000000000000000000001000000000
90000000000000000000000000 90000000000000001000000000
5000000000000000000000000000000000000000000000000000000000000000000000000000000000000 5000000000000000000000000000000000000000000000000000000000000000000000000001000000000
4000000000000000000000000 4000000000000001000000000
600000000000000000000000000000000000000000000000000000000000000000000000000000000 600000000000000000000000000000000000000000000000000000000000000000000001000000000
6000000000000000000000000000000000000000000000000000000000000000000000000000000000000 6000000000000000000000000000000000000000000000000000000000000000000000000001000000000
60000000000000000000 60000000001000000000
700000000000000000000000000000000000000000000000000000000000000000000000000000000000000000 700000000000000000000000000000000000000000000000000000000000000000000000000000001000000000
5000000000000000000 5000000001000000000
40000000000000000000000000000000000000000000 40000000000000000000000000000000001000000000
30000000000000000000000000000000000000000000000000000000000000000 30000000000000000000000000000000000000000000000000000001000000000
20000000000000000000000000000000000 20000000000000000000000001000000000
10000000000000000000000000000000000000000000000000000000000000000000000000000000000000000 10000000000000000000000000000000000000000000000000000000000000000000000000000001000000000
70000000000000000000000000000000000000000000000000000000000000000000000000000 70000000000000000000000000000000000000000000000000000000000000000001000000000
4000000000000000000000000000000000000000000000000000000000000000000 4000000000000000000000000000000000000000000000000000000001000000000
4000000000000 4001000000000
100000000000000000000000000000000000000 100000000000000000000000000001000000000
5000000000000000000000 5000000000001000000000
200000000000000000000000000000000000000000000000000000000000000000000000 200000000000000000000000000000000000000000000000000000000000001000000000
90000000000000000000000000000000000000000 90000000000000000000000000000001000000000
700000000000000000000 700000000001000000000
4000000000000000000000000000000000000000000000000000000000000000000000 4000000000000000000000000000000000000000000000000000000000001000000000
3000000000000000000000000000000000000 3000000000000000000000000001000000000
700000000000000000000000000000 700000000000000000001000000000
40000000000000000000000000 40000000000000001000000000
1000000000000000000000000000000000000 1000000000000000000000000001000000000
30000000000000000000000000000000000000000000000000000000000000000000000000000000 30000000000000000000000000000000000000000000000000000000000000000000001000000000
4000000000000000000000000000000000000000000000000000000 4000000000000000000000000000000000000000000001000000000
800000000000000 800001000000000
7000000000000000000000000000000000000000 7000000000000000000000000000001000000000
20000000000000 20001000000000
60000000000000000000000000000000000000000000000000000000000000000000000000000000000000000000000 60000000000000000000000000000000000000000000000000000000000000000000000000000000000001000000000
7000000000000000000 7000000001000000000
200000000000000000000000000000000000000000000000 200000000000000000000000000000000000001000000000
80000000000000000000000000000000000000000000000000000 80000000000000000000000000000000000000000001000000000
90000000000000000000000000000000000000000000000000000000000000000000000000000000 90000000000000000000000000000000000000000000000000000000000000000000001000000000
3000000000000000000000000000000000000000000000000000000000000 3000000000000000000000000000000000000000000000000001000000000
8000000000000000 8000001000000000
80000000000000000000000000000000000000000000000000000000000000 80000000000000000000000000000000000000000000000000001000000000
700000000000000000000000000000000000000000000000000000000000000000 700000000000000000000000000000000000000000000000000000001000000000
900000000000000000000000000000000000000 900000000000000000000000000001000000000
6000000000000000000000000000000000000000000 6000000000000000000000000000000001000000000
800000000000000000 800000001000000000
90000000000000000000000000000000000000000 90000000000000000000000000000001000000000
60000000000000000000000000000000000000000000000000000000000000000000000000000000000000000000000000000 60000000000000000000000000000000000000000000000000000000000000000000000000000000000000000001000000000
600000000000000000000000000000000000000000000000000000000000000000000000000000 600000000000000000000000000000000000000000000000000000000000000000001000000000
60000000000000000000000000000000000000000000000 60000000000000000000000000000000000001000000000
700000000000000000000000000000000000000000000000000000 700000000000000000000000000000000000000000001000000000
300000000000000000000000000000000000000000000000000000000000000000000000000000000000000000000 300000000000000000000000000000000000000000000000000000000000000000000000000000000001000000000
7000000000000000000000000000000000000000000000000 7000000000000000000000000000000000000001000000000
5000000000000000000000000000000000000000000000000000 5000000000000000000000000000000000000000001000000000
30000000000000000000000000000000000000 30000000000000000000000000001000000000
500000000000000000000000000000000000000000000000000000000000000000000 500000000000000000000000000000000000000000000000000000000001000000000
20000000000000000000000000000000000000000000 20000000000000000000000000000000001000000000
90000000000000000000000000000000000000000000000000000000000000000000000000000000000000000000000000000 90000000000000000000000000000000000000000000000000000000000000000000000000000000000000000001000000000
5000000000000000000000000000000 5000000000000000000001000000000
300000000000000000000 300000000001000000000
9000000000000000000000000000000000000000000000000000000000000000000000000000000000000000 9000000000000000000000000000000000000000000000000000000000000000000000000000001000000000
60000000000000000000000000000000000000000000000000000000000000000000000000000000000000000000000000000 60000000000000000000000000000000000000000000000000000000000000000000000000000000000000000001000000000
4000000000000000000000000000000 4000000000000000000001000000000
90000000000000000000000000000000000000000000 90000000000000000000000000000000001000000000
500000000000000000000000000000 500000000000000000001000000000
1000000000000000000000000000000000000000000000000000000000000000000000 1000000000000000000000000000000000000000000000000000000000001000000000
200000000000000000000000000000000 200000000000000000000001000000000
400000000000000000000000000000000000000000000000000000000000000000000000000000000000000000000000000 400000000000000000000000000000000000000000000000000000000000000000000000000000000000000001000000000
9000000000000000000000000000000000000000000000000000000000000000000000000000000000000000000 9000000000000000000000000000000000000000000000000000000000000000000000000000000001000000000
5000000000000000000000000000000000000000000000000000000000000 5000000000000000000000000000000000000000000000000001000000000
3000000000000000000000000000000000000000000000000000 3000000000000000000000000000000000000000001000000000
6000000000000000000000000000000000000000000 6000000000000000000000000000000001000000000
9000000000000 9001000000000
80000000000000000000000000000000000000000000000000000000000000000000000000000000000000000000000000000 80000000000000000000000000000000000000000000000000000000000000000000000000000000000000000001000000000
100000000000000000000000000000000000000000000000000000 100000000000000000000000000000000000000000001000000000
400000000000000000000000000000000000000000000000000000000000000000000000000000000000000000 400000000000000000000000000000000000000000000000000000000000000000000000000000001000000000
800000000000000000000 800000000001000000000
5000000000000000000000000000000000000000000000000000000000000000000000000000000 5000000000000000000000000000000000000000000000000000000000000000000001000000000
1000000000000000000000000000000000000000000000000000000000000000000000000000000000000 1000000000000000000000000000000000000000000000000000000000000000000000000001000000000
1000000000000000000000000000000000000000000000000000000000000000 1000000000000000000000000000000000000000000000000000001000000000
7000000000000000000000000000000000000000000000000000000000000000000000000000000000000000000 7000000000000000000000000000000000000000000000000000000000000000000000000000000001000000000
600000000000000 600001000000000
4000000000000000000000000000000 4000000000000000000001000000000
40000000000000000000000000000000000000000000000000000000000000000 40000000000000000000000000000000000000000000000000000001000000000
80000000000000000000000000000000000000000000 80000000000000000000000000000000001000000000
800000000000000000000000000000 800000000000000000001000000000
200000000000000000000000000000000000000000000000000000000000000000000000000000000000000000000000 200000000000000000000000000000000000000000000000000000000000000000000000000000000000001000000000
800000000000000000000000000000 800000000000000000001000000000
6000000000000000000000000000000000000000000 6000000000000000000000000000000001000000000
6000000000000 6001000000000
400000000000000000000000000000000000000000000000000000000000000000000000000000000000000000000 400000000000000000000000000000000000000000000000000000000000000000000000000000000001000000000
20000000000 21000000000
600000000000000000000000000000000000000000000000000000000000000000000000000000000 600000000000000000000000000000000000000000000000000000000000000000000001000000000
5000000000000000000 5000000001000000000
10000000000000000000000000000000000000000000000 10000000000000000000000000000000000001000000000
6000000000000000000 6000000001000000000
20000000000000000000000000000000000000000000000000000000000000000000000000000000000000000 20000000000000000000000000000000000000000000000000000000000000000000000000000001000000000
400000000000000 400001000000000
8000000000000000000000000000000000000000000000000 8000000000000000000000000000000000000001000000000
10000000000000000000000000000000000000000000000000000000 10000000000000000000000000000000000000000000001000000000
800000000000000000000000000000000000000000000000000000000000000000000000000000000000 800000000000000000000000000000000000000000000000000000000000000000000000001000000000
6000000000000000000000000000000000000000000000000000000000000000000000000000 6000000000000000000000000000000000000000000000000000000000000000001000000000
200000000000000000000000000000000000000 200000000000000000000000000001000000000
500000000000000000000000000000000000000000000000000000000000000000000 500000000000000000000000000000000000000000000000000000000001000000000
40000000000000000000000000 40000000000000001000000000
70000000000000000000000000000000000000000000000000000000000000000000000000000000000 70000000000000000000000000000000000000000000000000000000000000000000000001000000000
60000000000000000000000000000000000000000000000000000000 60000000000000000000000000000000000000000000001000000000
40000000000000000000000000000000000000000000000000000000000000000 40000000000000000000000000000000000000000000000000000001000000000
900000000000000000 900000001000000000
400000000000000000000000000000000000000000000000 400000000000000000000000000000000000001000000000
4000000000000000000000000000000000000000000000 4000000000000000000000000000000000001000000000
4000000000000000000000000000000000000000000000 4000000000000000000000000000000000001000000000
10000000000000000000000000000000000000000000000000 10000000000000000000000000000000000000001000000000
3000000000000000000000000000000000000000000000000000000000000000000 3000000000000000000000000000000000000000000000000000000001000000000
100000000000000 100001000000000
10000000000000000000000000000000000000000000000000000000000000000000000000000000000 10000000000000000000000000000000000000000000000000000000000000000000000001000000000
300000000000000000000000000000000000000000000000000000 300000000000000000000000000000000000000000001000000000
30000000000000000000000000000000000000000000000000000000000000000000 30000000000000000000000000000000000000000000000000000000001000000000
90000000000000000000000000000000000000000000000000000000000000000000000 90000000000000000000000000000000000000000000000000000000000001000000000
8000000000000000000000000000000000000000000000000000000000000000000000000000000000000000000 8000000000000000000000000000000000000000000000000000000000000000000000000000000001000000000
600000000000000000000000000000000000000000000000000000000000000000000 600000000000000000000000000000000000000000000000000000000001000000000
50000000000000000000000000000000000000000000000000000 50000000000000000000000000000000000000000001000000000
600000000000000000000000000000000000 600000000000000000000000001000000000
40000000000000000000000000000000000000000000000000 40000000000000000000000000000000000000001000000000
9000000000000000000000000000 9000000000000000001000000000
200000000000000000000000000000000000000000000000000000000000000000000000000000 200000000000000000000000000000000000000000000000000000000000000000001000000000
200000000000000 200001000000000
9000000000000000000000000000000 9000000000000000000001000000000
5000000000000000000 5000000001000000000
5000000000000000000 5000000001000000000
5000000000000000000000000000000 5000000000000000000001000000000
20000000000000000000000000000000000000000 20000000000000000000000000000001000000000
100000000000000000 100000001000000000
80000000000000000000000000000000000000000000000000000 80000000000000000000000000000000000000000001000000000
800000000000000000000000000000000000000000000000000000000000 800000000000000000000000000000000000000000000000001000000000
8000000000000000000 8000000001000000000
400000000000000000000000000 400000000000000001000000000
600000000000000000000000000000000000000000000000000000000000000000000000000000000000000 600000000000000000000000000000000000000000000000000000000000000000000000000001000000000
9000000000000000000000000000000000000000000000000000000000000000000000000000000000000000000 9000000000000000000000000000000000000000000000000000000000000000000000000000000001000000000
600000000000000000000000000000000000000000000000000000000000000000000000000000000000 600000000000000000000000000000000000000000000000000000000000000000000000001000000000
30000000000000000000000000000000000000000000000000000 30000000000000000000000000000000000000000001000000000
20000000000000000000000000000000000000000000000000000000000000000000000000000000000000000000000000000 20000000000000000000000000000000000000000000000000000000000000000000000000000000000000000001000000000
40000000000000000000000000000000000000000000000 40000000000000000000000000000000000001000000000
200000000000000000000000000000000000000000000000000000000000000000000000000 200000000000000000000000000000000000000000000000000000000000000001000000000
60000000000000000000000000000000000 60000000000000000000000001000000000
60000000000000000000000000000000000000000000000000000000000000000000000000000000000 60000000000000000000000000000000000000000000000000000000000000000000000001000000000
900000000000000000000000000000000000000000000000 900000000000000000000000000000000000001000000000
7000000000000000000000000000000000000000000000000000000000000000000000000000000000 7000000000000000000000000000000000000000000000000000000000000000000000001000000000
50000000000000000000000000000000000000000 50000000000000000000000000000001000000000
3000000000000000000000000000000000000000000000000000000000000000000000000000000000000000000000000 3000000000000000000000000000000000000000000000000000000000000000000000000000000000000001000000000
300000000000000000000000000000000000000 300000000000000000000000000001000000000
9000000000000000000000000000000000000000000000000000000000000000000 9000000000000000000000000000000000000000000000000000000001000000000
4000000000000 4001000000000
200000000000000000000000000000000000000000000000 200000000000000000000000000000000000001000000000
30000000000000000000000000000000000000000000000 30000000000000000000000000000000000001000000000
7000000000000000000 7000000001000000000
1000000000000000000000 1000000000001000000000
600000000000000000000000000000000000000000000000000000000000000000000000 600000000000000000000000000000000000000000000000000000000000001000000000
10000000000 11000000000
600000000000000000000000000 600000000000000001000000000
700000000000000000000000000000 700000000000000000001000000000
900000000000000000 900000001000000000
8000000000000000000000000000000000000000000000000000000000000000000000000000 8000000000000000000000000000000000000000000000000000000000000000001000000000
6000000000000000 6000001000000000
7000000000000000000000000000000000000000000000000000000000000000000 7000000000000000000000000000000000000000000000000000000001000000000
8000000000000000000000000000000000000000000000000000000000000000000000000000000 8000000000000000000000000000000000000000000000000000000000000000000001000000000
900000000000000000000000000000000000000000000000000000000000000000000000000000000000000000000000 900000000000000000000000000000000000000000000000000000000000000000000000000000000000001000000000
600000000000000000000000000000000000000000000000 600000000000000000000000000000000000001000000000
200000000000000000000000000000000000000000000000000000000000000000000 200000000000000000000000000000000000000000000000000000000001000000000
400000000000000000000000000000000000000000000000000000000000000000 400000000000000000000000000000000000000000000000000000001000000000
40000000000000000000000000000000000000000000000 40000000000000000000000000000000000001000000000
50000000000000000000000000000000000000000000000000000000000 50000000000000000000000000000000000000000000000001000000000
4000000000000000000000000000000000 4000000000000000000000001000000000
700000000000000000000000000000000000000000000000000000000000000000000000000000000000000000 700000000000000000000000000000000000000000000000000000000000000000000000000000001000000000
100000000000000000 100000001000000000
20000000000000000000000000000000000000000000000 20000000000000000000000000000000000001000000000
