80000000000000000000000000000000000000000000000000000000000000000000000000000000000000000000000000 80000000000000000000000000000000000000000000000000000000000000000000000000000000000000000010000000
20000000000000000000000000000000000000000000000000000000000000 20000000000000000000000000000000000000000000000000000010000000
40000000000000000000000000000000000000000000000000000000000000000000000000000000000 40000000000000000000000000000000000000000000000000000000000000000000000000010000000
10000000000000000000000000000000000000000000000000000000000000000000000000000000000 10000000000000000000000000000000000000000000000000000000000000000000000000010000000
6000000000000000000000000000000000000000000 6000000000000000000000000000000000010000000
20000000000000000000000000000000000000000000000000000000000000000000000000000000000000000000 20000000000000000000000000000000000000000000000000000000000000000000000000000000000010000000
300000000000000000000 300000000000010000000
8000000000000000000000000000000000000000000000000000000000000000000000000000000000000000000 8000000000000000000000000000000000000000000000000000000000000000000000000000000000010000000
9000000000000000000000000000000000000 9000000000000000000000000000010000000
2000000000000000000000000000000000000000000000000000000000000000000000000000000000000000 2000000000000000000000000000000000000000000000000000000000000000000000000000000010000000
600000000000000000000 600000000000010000000
100000000000 100010000000
20000000000000000000000000000000000000000 20000000000000000000000000000000010000000
40000000000000000000000000000000000000000000000000000000 40000000000000000000000000000000000000000000000010000000
20000000000000000000000000000000000000000000 20000000000000000000000000000000000010000000
40000000000000000000000000000000000000000000000000000000000 40000000000000000000000000000000000000000000000000010000000
900000000000000000000000000000000000000000000000000000000000000000000000000 900000000000000000000000000000000000000000000000000000000000000000010000000
4000000000000000000000000000000000000000000000000000000000 4000000000000000000000000000000000000000000000000010000000
6000000000000000000000000000000000000000000000000000000000000000000000000000000000000000000 6000000000000000000000000000000000000000000000000000000000000000000000000000000000010000000
3000000000000000000 3000000000010000000
30000000000000000000000000000000000000000000000000 30000000000000000000000000000000000000000010000000
300000000000000000000000000000000000000000000000000000000000000000000000000000000000000000000000 300000000000000000000000000000000000000000000000000000000000000000000000000000000000000010000000
90000000000000000000000000000000000000000000000000000000000000000000000000000000000000000000000000 90000000000000000000000000000000000000000000000000000000000000000000000000000000000000000010000000
3000000000000000000000000000 3000000000000000000010000000
800000000000000000000000 800000000000000010000000
50000000000000000000000000000000000000000000000000000000000000000000000000000000000000000000000 50000000000000000000000000000000000000000000000000000000000000000000000000000000000000010000000
900000000000000000000000000000000000000000000000000000000000000000000000 900000000000000000000000000000000000000000000000000000000000000010000000
8000000000000000000000000000000000000000000000000000000000000000000000000000000000 8000000000000000000000000000000000000000000000000000000000000000000000000010000000
50000000000000000000000000000000000000000000000000000000000000000000000000 50000000000000000000000000000000000000000000000000000000000000000010000000
800000000000000000000000000000000000000000000000000000000000000000000000000000 800000000000000000000000000000000000000000000000000000000000000000000010000000
500000000000000000000000000000000000000000000000000000 500000000000000000000000000000000000000000000010000000
100000000000000000000000000000000000000000000000000000000 100000000000000000000000000000000000000000000000010000000
200000000000000000000000000000000000000000000000000000000000000000000000 200000000000000000000000000000000000000000000000000000000000000010000000
100000000000 100010000000
6000000000000000000000000000000000000000000000000000000000000000000000000000000 6000000000000000000000000000000000000000000000000000000000000000000000010000000
6000000000000000000000000000000000000000 6000000000000000000000000000000010000000
700000000000000000000000000000000000000 700000000000000000000000000000010000000
8000000000000000000000000000 8000000000000000000010000000
100000000000000000000000000000000000000000000000000000000000000000000000000000000000000 100000000000000000000000000000000000000000000000000000000000000000000000000000010000000
600000000000000000000000000000000000000 600000000000000000000000000000010000000
9000000000000000000000000000000000000000000000 9000000000000000000000000000000000000010000000
2000000000000000000000000000000000000000000000000000000000000000000000 2000000000000000000000000000000000000000000000000000000000000010000000
5000000000000 5000010000000
3000000000000000000000000000000000000000000000000000000000000000000000000000000 3000000000000000000000000000000000000000000000000000000000000000000000010000000
100000000000000000000000000000000000000 100000000000000000000000000000010000000
800000000000000000000000000000 800000000000000000000010000000
60000000000000000000000000000000000000000000000000000000000000000000000 60000000000000000000000000000000000000000000000000000000000000010000000
500000000000000000000000000000000000000000000000000000000000000000000000 500000000000000000000000000000000000000000000000000000000000000010000000
3000000000000000000000000000000000000 3000000000000000000000000000010000000
50000000000000000000000000000000000000000000000000000000 50000000000000000000000000000000000000000000000010000000
100000000000000000000000000000000000000000000000 100000000000000000000000000000000000000010000000
400000000000000000000000000000000000000000000000000000000000000000000000 400000000000000000000000000000000000000000000000000000000000000010000000
2000000000000000000000000000000000000 2000000000000000000000000000010000000
3000000000000000000000000000000000000000000000000000000000000000000 3000000000000000000000000000000000000000000000000000000000010000000
200000000000000000000000000000000000000000000000000000000000000000000000000000000000000000000000000 200000000000000000000000000000000000000000000000000000000000000000000000000000000000000000010000000
100000000000 100010000000
9000000000000000000000000000000000000000000000 9000000000000000000000000000000000000010000000
100000000000 100010000000
600000000000000000000000000000000000000000000000000000000000000000000000000000000 600000000000000000000000000000000000000000000000000000000000000000000000010000000
7000000000000000000000000000000000000000000000000000000000000000000000000 7000000000000000000000000000000000000000000000000000000000000000010000000
4000000000000000000000000000000000000000000000000 4000000000000000000000000000000000000000010000000
30000000000000000000000000000000000000000000000 30000000000000000000000000000000000000010000000
4000000000000 4000010000000
3000000000000000 3000000010000000
3000000000000000000000000000000000000000000000000000000000000000000000000 3000000000000000000000000000000000000000000000000000000000000000010000000
3000000000000000000000000000000000000000000000000000000000000000000000000000000000000000000000000000 3000000000000000000000000000000000000000000000000000000000000000000000000000000000000000000010000000
1000000000000000000000000000000000000000000000000000000000 1000000000000000000000000000000000000000000000000010000000
20000000000000000000000000000000000000000 20000000000000000000000000000000010000000
50000000000000000000000000000000000000000000000000000000000000000000 50000000000000000000000000000000000000000000000000000000000010000000
7000000000000000000000000 7000000000000000010000000
60000000000000000000000000000000000000000000000000000000000000000000 60000000000000000000000000000000000000000000000000000000000010000000
1000000000000000000000 1000000000000010000000
2000000000000000000000000000000 2000000000000000000000010000000
700000000000000000000000000000000000000000000000000000000000000000000000000000000000000000000000000 700000000000000000000000000000000000000000000000000000000000000000000000000000000000000000010000000
90000000000000000000000000000000000000000000000000000000000000000000000000000000000000000000000000 90000000000000000000000000000000000000000000000000000000000000000000000000000000000000000010000000
100000000000000000000000000000000000000000 100000000000000000000000000000000010000000
1000000000000000000000000000000000000000000000000000000000000 1000000000000000000000000000000000000000000000000000010000000
6000000000000000000000000000000000000000000000000000 6000000000000000000000000000000000000000000010000000
100000000000000000000000000000000000000000000000000000000000000 100000000000000000000000000000000000000000000000000000010000000
30000000000000000 30000000010000000
70000000000000000000000000000000000000000000000000000000000000000000000000000000000000000000 70000000000000000000000000000000000000000000000000000000000000000000000000000000000010000000
80000000000000000000000000 80000000000000000010000000
5000000000000000000000000000000000000000000000000000000000000000000000000 5000000000000000000000000000000000000000000000000000000000000000010000000
4000000000000000000000000000000000000000000000000000000000000000 4000000000000000000000000000000000000000000000000000000010000000
800000000000000000000000000000000000000000000000000000 800000000000000000000000000000000000000000000010000000
9000000000000 9000010000000
400000000000000000000000000000000000000000000000000000000000000000000000000000000000000000000000000 400000000000000000000000000000000000000000000000000000000000000000000000000000000000000000010000000
8000000000000000000000000000000000000000000000000000000000000 8000000000000000000000000000000000000000000000000000010000000
800000000000000000 800000000010000000
8000000000000000000000000 8000000000000000010000000
4000000000000000000000000000000000000000 4000000000000000000000000000000010000000
10000000000000000000000 10000000000000010000000
10000000000 10010000000
7000000000000000000000000000000000000000000000000000000000000000000000000000000000000000000000 7000000000000000000000000000000000000000000000000000000000000000000000000000000000000010000000
900000000000000000 900000000010000000
6000000000000000000000000000000000000000000000000000000000000000000000000000000000000 6000000000000000000000000000000000000000000000000000000000000000000000000000010000000
4000000000000000000000000000000000000000000000000000000000000000 4000000000000000000000000000000000000000000000000000000010000000
40000000000000000000000000000 40000000000000000000010000000
6000000000000000000000 6000000000000010000000
20000000000 20010000000
5000000000000000000000000000000000000000000000000000000000000000000000 5000000000000000000000000000000000000000000000000000000000000010000000
10000000000 10010000000
30000000000000000000000000000000000000000 30000000000000000000000000000000010000000
600000000000000000000000000000000000000000000000000000000 600000000000000000000000000000000000000000000000010000000
6000000000000000000000000000000000000000000000000000000000000 6000000000000000000000000000000000000000000000000000010000000
90000000000000000000000000000000000000000000000000000000000000000000000000000000000 90000000000000000000000000000000000000000000000000000000000000000000000000010000000
80000000000000000000000000000000000 80000000000000000000000000010000000
9000000000000000000000000 9000000000000000010000000
1000000000000000000000 1000000000000010000000
2000000000000000000000000000000000000000000000000000000000000000000000000000000000000000000000 2000000000000000000000000000000000000000000000000000000000000000000000000000000000000010000000
100000000000000000000000000000000000000000000000000000000000000000000000000000000000000000000000000 100000000000000000000000000000000000000000000000000000000000000000000000000000000000000000010000000
100000000000000000000000000000000000000000000000000000000000000000000000000000000000000000000 100000000000000000000000000000000000000000000000000000000000000000000000000000000000010000000
300000000000000000000 300000000000010000000
4000000000000000000000000000000000000000000000000000000000000000000000000000000000000000000000 4000000000000000000000000000000000000000000000000000000000000000000000000000000000000010000000
1000000000000000000000000000000000000000000000000000000000000000000000000000000000000000000000000000 1000000000000000000000000000000000000000000000000000000000000000000000000000000000000000000010000000
700000000000000000000000000000000000000000 700000000000000000000000000000000010000000
4000000000000000000000000000000000000000000000000000000000000000000000000000000000 4000000000000000000000000000000000000000000000000000000000000000000000000010000000
800000000000000000000000000000000000000000000000000000000000 800000000000000000000000000000000000000000000000000010000000
6000000000000000000000000000000000000000000000000000000000000000000000000000000000 6000000000000000000000000000000000000000000000000000000000000000000000000010000000
60000000000 60010000000
5000000000000000000000000000000000000000000000000000000000000000000000000 5000000000000000000000000000000000000000000000000000000000000000010000000
500000000000000000000000000000000000000000000000000000000 500000000000000000000000000000000000000000000000010000000
500000000000000 500000010000000
1000000000000000000000000000000000000000000000000000000000000000000 1000000000000000000000000000000000000000000000000000000000010000000
4000000000000000000 4000000000010000000
60000000000000000000000000000000000 60000000000000000000000000010000000
200000000000000000000000000000000000000000000000000000000000 200000000000000000000000000000000000000000000000000010000000
800000000000000000000000000 800000000000000000010000000
60000000000000000000000000000000000000000000000000000000000000000000000 60000000000000000000000000000000000000000000000000000000000000010000000
10000000000000000000000000000000000000 10000000000000000000000000000010000000
300000000000000000000000000000 300000000000000000000010000000
80000000000000000000000000000000000000000000000000000000000 80000000000000000000000000000000000000000000000000010000000
8000000000000000000000000000000000000000000000000000000000000000000000000000000 8000000000000000000000000000000000000000000000000000000000000000000000010000000
400000000000000000000000000000000000000000000000000000000000000 400000000000000000000000000000000000000000000000000000010000000
60000000000000000000000000000000000000000000000000000000000000000000000000000000000000 60000000000000000000000000000000000000000000000000000000000000000000000000000010000000
40000000000000000000000 40000000000000010000000
2000000000000000000000000000000000000000000 2000000000000000000000000000000000010000000
4000000000000000000000000 4000000000000000010000000
100000000000000000000000000000000000000000000000000000000000000000000000000 100000000000000000000000000000000000000000000000000000000000000000010000000
200000000000000000000000000000000000000000000000000000000000000000000000 200000000000000000000000000000000000000000000000000000000000000010000000
5000000000000000000000000000000000000000000000000000000000000000000000000000000000 5000000000000000000000000000000000000000000000000000000000000000000000000010000000
20000000000000000000000000000000000000000000000000000000000000 20000000000000000000000000000000000000000000000000000010000000
900000000000000000000000000000000000000000000000000000000000000000 900000000000000000000000000000000000000000000000000000000010000000
800000000000000000000000000 800000000000000000010000000
200000000000000000000000000000000000000 200000000000000000000000000000010000000
7000000000000000000000000 7000000000000000010000000
70000000000000000000000000000000000000000000000000000 70000000000000000000000000000000000000000000010000000
40000000000000000000 40000000000010000000
1000000000000000000 1000000000010000000
6000000000000000000000000000000000000000000000000000000000000000000000000000000000000000000 6000000000000000000000000000000000000000000000000000000000000000000000000000000000010000000
6000000000000000000000000000000000000000000000000000000000000000000000000000000 6000000000000000000000000000000000000000000000000000000000000000000000010000000
2000000000000000000000000000000000000000000000000000000000000000000000000000000000000000000000 2000000000000000000000000000000000000000000000000000000000000000000000000000000000000010000000
100000000000000000000000 100000000000000010000000
40000000000000000000000000 40000000000000000010000000
5000000000000000000000000000000000000000000000000000000000000000000000 5000000000000000000000000000000000000000000000000000000000000010000000
300000000000000000000000000000000000000000000000 300000000000000000000000000000000000000010000000
200000000000000000000000000000000000000000000000000000000000000000000000000000000000000000000000 200000000000000000000000000000000000000000000000000000000000000000000000000000000000000010000000
2000000000000000000000000000 2000000000000000000010000000
2000000000000000000000000000000000000000000000000000000000000000000000000000000000000000000000000000 2000000000000000000000000000000000000000000000000000000000000000000000000000000000000000000010000000
3000000000000000000000000000000000000000000000000000000000000000000000000 3000000000000000000000000000000000000000000000000000000000000000010000000
300000000000000000000000000000000000000000000000000000000000 300000000000000000000000000000000000000000000000000010000000
20000000000000000000000 20000000000000010000000
2000000000000000000000000000000000000 2000000000000000000000000000010000000
80000000000000000000000000000000000000000000000000000000000000000000000000000000000000 80000000000000000000000000000000000000000000000000000000000000000000000000000010000000
3000000000000000 3000000010000000
900000000000000000000000000000000000000000000000000000000000000000000000000000000000000000000000000 900000000000000000000000000000000000000000000000000000000000000000000000000000000000000000010000000
8000000000000000000000000000000 8000000000000000000000010000000
900000000000000000000000000000000000000000000000000000 900000000000000000000000000000000000000000000010000000
300000000000000000000000000000000000000 300000000000000000000000000000010000000
8000000000000000 8000000010000000
5000000000000000000000000000000000000000000000000000000000 5000000000000000000000000000000000000000000000000010000000
700000000000000000000000000000000000000000000000000000000000000000000000000000000000000 700000000000000000000000000000000000000000000000000000000000000000000000000000010000000
800000000000000000000000000000000000000000000 800000000000000000000000000000000000010000000
100000000000000000000000000000000000 100000000000000000000000000010000000
300000000000000000000000000000000000000000000 300000000000000000000000000000000000010000000
4000000000000000000000000000000000000000000000000000000 4000000000000000000000000000000000000000000000010000000
20000000000000000000000000000000000000000000000000000000000000000 20000000000000000000000000000000000000000000000000000000010000000
100000000000000000000000000000000000000 100000000000000000000000000000010000000
600000000000000000000000000000000000000000000000000000000000000000000000000 600000000000000000000000000000000000000000000000000000000000000000010000000
20000000000000000000000000000000000000 20000000000000000000000000000010000000
300000000000000000000000000000000000000000000000000000000000000000000000000000000 300000000000000000000000000000000000000000000000000000000000000000000000010000000
400000000000000000000000000000000000000000000000000000000000000000000000000000000000000 400000000000000000000000000000000000000000000000000000000000000000000000000000010000000
4000000000000000000000000000000000000000000000000000000000000000000000000000000000000000000000 4000000000000000000000000000000000000000000000000000000000000000000000000000000000000010000000
20000000000000000000000000000000000 20000000000000000000000000010000000
40000000000 40010000000
40000000000000000000000000000000000000000000000000000000000000000000 40000000000000000000000000000000000000000000000000000000000010000000
60000000000000000000000 60000000000000010000000
2000000000000000000000000 2000000000000000010000000
300000000000000000000000000000000000000000000000000 300000000000000000000000000000000000000000010000000
70000000000000000000000000000000000000000000000000000000000000000000000000000000000000000000000 70000000000000000000000000000000000000000000000000000000000000000000000000000000000000010000000
1000000000000000000000000000000 1000000000000000000000010000000
1000000000000000000000 1000000000000010000000
3000000000000000000 3000000000010000000
800000000000000000000000000000000000000000000000000000000000 800000000000000000000000000000000000000000000000000010000000
800000000000000000000000000000000000000000000000000000000000000000000000 800000000000000000000000000000000000000000000000000000000000000010000000
9000000000000000000000000000000000000000000000000000000000000000000000 9000000000000000000000000000000000000000000000000000000000000010000000
200000000000000000000000000000000000000000000000000000000000 200000000000000000000000000000000000000000000000000010000000
800000000000000000000000000000000000000000000000000000000000000000000000000000000000000 800000000000000000000000000000000000000000000000000000000000000000000000000000010000000
4000000000000000000000000000000000000 4000000000000000000000000000010000000
40000000000000000000000000000000000000000000000000 40000000000000000000000000000000000000000010000000
600000000000000000000000000000000000000000000000000000000000000000000000000000000000000 600000000000000000000000000000000000000000000000000000000000000000000000000000010000000
7000000000000000000000000000000000000000000000000000000000000000000000000000000000000000000000000 7000000000000000000000000000000000000000000000000000000000000000000000000000000000000000010000000
9000000000000000000000000000000000000000000000000000000000000000000 9000000000000000000000000000000000000000000000000000000000010000000
2000000000000000000000000000000000000000 2000000000000000000000000000000010000000
100000000000000000000000000000000 100000000000000000000000010000000
50000000000000000000000000000000000000000000000000000000000 50000000000000000000000000000000000000000000000000010000000
80000000000000000000000000000000000000000000000000000000000000000000000000000000000000000000000000 80000000000000000000000000000000000000000000000000000000000000000000000000000000000000000010000000
80000000000000000 80000000010000000
5000000000000000000000 5000000000000010000000
50000000000000000000000000000000000000000000000000000000000000000000000000000000000000000000000000000 50000000000000000000000000000000000000000000000000000000000000000000000000000000000000000000010000000
90000000000000000000 90000000000010000000
700000000000000000000000000000000000000000000000000000000000000000000000000000000000000000000000000 700000000000000000000000000000000000000000000000000000000000000000000000000000000000000000010000000
300000000000 300010000000
1000000000000000000000000000000000000000000000000000000000000000000000000000 1000000000000000000000000000000000000000000000000000000000000000000010000000
3000000000000000000000000000000000000000000000000000000000000000000000000000000000000000 3000000000000000000000000000000000000000000000000000000000000000000000000000000010000000
60000000000000000000000000000000000000000000000000000000000000 60000000000000000000000000000000000000000000000000000010000000
10000000000000000000000000000000000000000000000000000000000000000 10000000000000000000000000000000000000000000000000000000010000000
20000000000000000000000000000000000000000000000000 20000000000000000000000000000000000000000010000000
10000000000000000000000000000000000000000000000000000 10000000000000000000000000000000000000000000010000000
70000000000000000000000000000000000000000000000000000000000000000000000000000000 70000000000000000000000000000000000000000000000000000000000000000000000010000000
50000000000000000000000000000000000000000000 50000000000000000000000000000000000010000000
600000000000000000000000000000000000000000 600000000000000000000000000000000010000000
20000000000000000000000000000000000000000000000000000000000000000000000000000000000000 20000000000000000000000000000000000000000000000000000000000000000000000000000010000000
900000000000000000000000000000000000000000000000000000000000000 900000000000000000000000000000000000000000000000000000010000000
4000000000000000000000000000000000000000000000 4000000000000000000000000000000000000010000000
30000000000 30010000000
40000000000000000000000000000000000000000000000000000 40000000000000000000000000000000000000000000010000000
600000000000000000000000000000000000000000000000000000000000 600000000000000000000000000000000000000000000000000010000000
900000000000000000000000000000000 900000000000000000000000010000000
4000000000000000000000000000000000000000000000000000000000000000000000000000000000000000000 4000000000000000000000000000000000000000000000000000000000000000000000000000000000010000000
80000000000000000000000000000000000000000000000000 80000000000000000000000000000000000000000010000000
10000000000000000000000000000000000000000000000000000000 10000000000000000000000000000000000000000000000010000000
30000000000000000000000000000000000000000000000000000000000000000000000000 30000000000000000000000000000000000000000000000000000000000000000010000000
4000000000000000000000000000000000000000000000000000000000000000000000000000 4000000000000000000000000000000000000000000000000000000000000000000010000000
600000000000000000000000000000000000000000000000000000000000000000000000000000000 600000000000000000000000000000000000000000000000000000000000000000000000010000000
100000000000000000000000000000000000000000000000000 100000000000000000000000000000000000000000010000000
60000000000000000000000 60000000000000010000000
7000000000000000000000000000000000000000000000000000000000000000000000000000 7000000000000000000000000000000000000000000000000000000000000000000010000000
20000000000000000000000000000000000000000000000000000000000000000000000000 20000000000000000000000000000000000000000000000000000000000000000010000000
900000000000000000000000000 900000000000000000010000000
500000000000000000000 500000000000010000000
20000000000000000000000000000000000000000 20000000000000000000000000000000010000000
100000000000000000000000000000000000000000000000000 100000000000000000000000000000000000000000010000000
8000000000000000000000000000000000000000000000000000000 8000000000000000000000000000000000000000000000010000000
4000000000000000000000000000000000000000000000000000000000000000000000000 4000000000000000000000000000000000000000000000000000000000000000010000000
2000000000000000000000000 2000000000000000010000000
60000000000000000000000000 60000000000000000010000000
40000000000000000000000000000000000000000000000000000 40000000000000000000000000000000000000000000010000000
80000000000000000000000000000000000000000000000000000000000000000000000000000000000000000000000 80000000000000000000000000000000000000000000000000000000000000000000000000000000000000010000000
3000000000000000000000000000000000000000000000000 3000000000000000000000000000000000000000010000000
80000000000000000000000000000000000000000 80000000000000000000000000000000010000000
40000000000000000000000000000000000000000000000000000000000 40000000000000000000000000000000000000000000000000010000000
80000000000000000000000000000000000000000000000000000000000 80000000000000000000000000000000000000000000000000010000000
800000000000000000000000000000000000000000 800000000000000000000000000000000010000000
800000000000000000000000000000000000 800000000000000000000000000010000000
7000000000000000000000000000000000000000000000000000000000000000000000 7000000000000000000000000000000000000000000000000000000000000010000000
40000000000000000000000000000000000000000 40000000000000000000000000000000010000000
30000000000000000000000000000000000000000000000000000000000000000000000000000000000000000000000000000 30000000000000000000000000000000000000000000000000000000000000000000000000000000000000000000010000000
1000000000000000000000000000000000000000000000000000000000000000000000000000000000000000000000 1000000000000000000000000000000000000000000000000000000000000000000000000000000000000010000000
70000000000 70010000000
7000000000000000000000000000000000000000000000 7000000000000000000000000000000000000010000000
6000000000000000000000000000000000000000 6000000000000000000000000000000010000000
800000000000000000000000000000000000000000000000000000000000000000 800000000000000000000000000000000000000000000000000000000010000000
90000000000000000000000000000000000000000000000000000000000000000000 90000000000000000000000000000000000000000000000000000000000010000000
200000000000000000000000000000000000000000000000000000000000000000 200000000000000000000000000000000000000000000000000000000010000000
700000000000000 700000010000000
5000000000000000 5000000010000000
6000000000000000000000000000000000000000000000000000000000000000000000000000000000000000000000000000 6000000000000000000000000000000000000000000000000000000000000000000000000000000000000000000010000000
800000000000000000000000000000000000000000000000000000000 800000000000000000000000000000000000000000000000010000000
10000000000000000000000000000000000000000 10000000000000000000000000000000010000000
90000000000000000000 90000000000010000000
5000000000000000000000000000000000000000000000000000000000 5000000000000000000000000000000000000000000000000010000000
200000000000000000000000000 200000000000000000010000000
20000000000000000000000000000000000000000000000000000000000000000000000000000000000000000000000 20000000000000000000000000000000000000000000000000000000000000000000000000000000000000010000000
90000000000000000 90000000010000000
70000000000000000000000000000000000000000000000000000 70000000000000000000000000000000000000000000010000000
800000000000000000000000000000000000000000000000000000000000000000000000000000000 800000000000000000000000000000000000000000000000000000000000000000000000010000000
10000000000000000000000000000000000000 10000000000000000000000000000010000000
40000000000000000000000000000000000000000000000000000000 40000000000000000000000000000000000000000000000010000000
9000000000000000000000000000000000000000000000000000000000000000000000000000000000000000000000000000 9000000000000000000000000000000000000000000000000000000000000000000000000000000000000000000010000000
8000000000000000000000000 8000000000000000010000000
900000000000000000000000000000000000000000000000000000000 900000000000000000000000000000000000000000000000010000000
5000000000000000000000000000000000000 5000000000000000000000000000010000000
8000000000000000000000000000000000000000000000000000000000000000000000000000000000000000000000000 8000000000000000000000000000000000000000000000000000000000000000000000000000000000000000010000000
30000000000000000000000000000000000000000000000000000000000000000000000000000000000000000000 30000000000000000000000000000000000000000000000000000000000000000000000000000000000010000000
2000000000000000 2000000010000000
1000000000000000000000000000000000000000000000000000000000000000000000000000 1000000000000000000000000000000000000000000000000000000000000000000010000000
5000000000000000000000000000000000000000000000000000000000000 5000000000000000000000000000000000000000000000000000010000000
900000000000000 900000010000000
900000000000000000000000000000000000000000000000000000000000000000000000 900000000000000000000000000000000000000000000000000000000000000010000000
30000000000000000000000000000000000000000000000000000000000000000000000000000000000000000 30000000000000000000000000000000000000000000000000000000000000000000000000000000010000000
1000000000000000000000000000000000000000000 1000000000000000000000000000000000010000000
20000000000000000000000000000000000000000000000000 20000000000000000000000000000000000000000010000000
600000000000000000000000000000000000000000000000000000000000000000000000000 600000000000000000000000000000000000000000000000000000000000000000010000000
1000000000000000000000000 1000000000000000010000000
80000000000000000000000000000000000000000000000000000000000000000000000 80000000000000000000000000000000000000000000000000000000000000010000000
3000000000000 3000010000000
6000000000000000000000000000000000000000 6000000000000000000000000000000010000000
90000000000000000000000000000000000000 90000000000000000000000000000010000000
3000000000000000 3000000010000000
200000000000000000 200000000010000000
500000000000 500010000000
700000000000000000000000000000000000000000000000000 700000000000000000000000000000000000000000010000000
500000000000000000000000000000000000000000000000000000000 500000000000000000000000000000000000000000000000010000000
600000000000000000000000000000000000000000000000000000000000000000000000000000000000000 600000000000000000000000000000000000000000000000000000000000000000000000000000010000000
500000000000000000000000000000000000000000000000000000000000000000000000000000000000000000 500000000000000000000000000000000000000000000000000000000000000000000000000000000010000000
100000000000000000000000000 100000000000000000010000000
1000000000000000 1000000010000000
4000000000000000000000000 4000000000000000010000000
5000000000000000000000000000000000000000000000000000000000000000000000000000000000000000 5000000000000000000000000000000000000000000000000000000000000000000000000000000010000000
7000000000000000000000000000000000000000000 7000000000000000000000000000000000010000000
2000000000000000000000000000000000000000000000000000000000000000000000000000000000000 2000000000000000000000000000000000000000000000000000000000000000000000000000010000000
1000000000000000000000000000000000000000000000000000000000000000000 1000000000000000000000000000000000000000000000000000000000010000000
5000000000000000000000000000000000000000000000000000000000000000000000000000 5000000000000000000000000000000000000000000000000000000000000000000010000000
40000000000000000 40000000010000000
4000000000000000000000000000000000000000000000000000000000000 4000000000000000000000000000000000000000000000000000010000000
6000000000000000000000000000000000000000000000000000000000000000000000000000000000000000000 6000000000000000000000000000000000000000000000000000000000000000000000000000000000010000000
3000000000000000000000000000 3000000000000000000010000000
60000000000000000000000000000000000000000000000000000000000000000000000 60000000000000000000000000000000000000000000000000000000000000010000000
7000000000000000000000000000000000 7000000000000000000000000010000000
600000000000000000000 600000000000010000000
70000000000000000000000000000000000000000000000000000000000000000000000 70000000000000000000000000000000000000000000000000000000000000010000000
4000000000000000000000000000000000000000000000000000000000 4000000000000000000000000000000000000000000000000010000000
3000000000000000000000000000000000000000000000000000000000000000000000 3000000000000000000000000000000000000000000000000000000000000010000000
8000000000000000000000000000000000000000000000000000000000000000000000000000000000 8000000000000000000000000000000000000000000000000000000000000000000000000010000000
80000000000000000000000000000000000000 80000000000000000000000000000010000000
10000000000000000000000000000000000000000000000000000000000000000000000 10000000000000000000000000000000000000000000000000000000000000010000000
80000000000000000000000000000000000000000000000000000000000000000000000000000000 80000000000000000000000000000000000000000000000000000000000000000000000010000000
4000000000000000000000000000000000000000000000000000000000000000000000000000000000 4000000000000000000000000000000000000000000000000000000000000000000000000010000000
4000000000000000000000000000000000000000000000000000000000000000000000000000000000 4000000000000000000000000000000000000000000000000000000000000000000000000010000000
5000000000000000000000000000000000000000 5000000000000000000000000000000010000000
50000000000000000000000000000000000000000000 50000000000000000000000000000000000010000000
500000000000000000000000000000 500000000000000000000010000000
600000000000000000000000000000000000000000000 600000000000000000000000000000000000010000000
60000000000000000000000000000000000000000000 60000000000000000000000000000000000010000000
60000000000000000000000000000000000000000000000000000000000 60000000000000000000000000000000000000000000000000010000000
2000000000000000000000 2000000000000010000000
500000000000000000000000000000000000000000000000000000000000000000000000000000000000000000000000 500000000000000000000000000000000000000000000000000000000000000000000000000000000000000010000000
80000000000000000000000000000000000000000000000000000000000000000000000000000000000000000 80000000000000000000000000000000000000000000000000000000000000000000000000000000010000000
80000000000000000000000000000000000000000000000000000 80000000000000000000000000000000000000000000010000000
7000000000000000000000000000000000000000000000000000000000000000 7000000000000000000000000000000000000000000000000000000010000000
800000000000000000000000000000000000000000000000000000000000000000000000000000 800000000000000000000000000000000000000000000000000000000000000000000010000000
100000000000000000000000000000 100000000000000000000010000000
80000000000000000 80000000010000000
900000000000000000000000000000000000000000000000000000000000 900000000000000000000000000000000000000000000000000010000000
700000000000000000000000000000000000000000000000000000000000000000000000000000000000000000 700000000000000000000000000000000000000000000000000000000000000000000000000000000010000000
2000000000000000000000000000000000000000000000000000000000000000000000000000 2000000000000000000000000000000000000000000000000000000000000000000010000000
80000000000000000000000000000000000000000000000000000000000000000000000000000 80000000000000000000000000000000000000000000000000000000000000000000010000000
600000000000000000000000000000000000000000000000000000000000000 600000000000000000000000000000000000000000000000000000010000000
40000000000000000000000000000000000 40000000000000000000000000010000000
8000000000000000000000000000000 8000000000000000000000010000000
600000000000000000000000000000000000000000000000000000000000000000000000000000000000000000 600000000000000000000000000000000000000000000000000000000000000000000000000000000010000000
60000000000000000000000000000000000000000000000000000000000000000000000 60000000000000000000000000000000000000000000000000000000000000010000000
9000000000000000000000000000000 9000000000000000000000010000000
6000000000000000 6000000010000000
100000000000 100010000000
7000000000000000000000000000000000000000000000000000000000000000000000000000000000000000000000000000 7000000000000000000000000000000000000000000000000000000000000000000000000000000000000000000010000000
600000000000000000000000000000000000000000000000000000000000000000000 600000000000000000000000000000000000000000000000000000000000010000000
5000000000000000000000000000000000000000000000000000000000000000000000 5000000000000000000000000000000000000000000000000000000000000010000000
80000000000000000000000000000000000000000000000000000000 80000000000000000000000000000000000000000000000010000000
800000000000000000000000000000000000000000000000000000000000 800000000000000000000000000000000000000000000000000010000000
4000000000000000000000000000000000000000000000000000000000000000000000000 4000000000000000000000000000000000000000000000000000000000000000010000000
9000000000000000000000000000000000000000000 9000000000000000000000000000000000010000000
1000000000000000000000000000000 1000000000000000000000010000000
40000000000000000000000000 40000000000000000010000000
80000000000000000000 80000000000010000000
300000000000000000000000000000 300000000000000000000010000000
60000000000000000000000000000000000000000000000000000000000000000000000000000000000000000000000000 60000000000000000000000000000000000000000000000000000000000000000000000000000000000000000010000000
300000000000000000000000000000000000000000000000000000000000000 300000000000000000000000000000000000000000000000000000010000000
50000000000000000000000000000000000000000000000000000000000000000000000000000000000000000 50000000000000000000000000000000000000000000000000000000000000000000000000000000010000000
70000000000000000000000000000000 70000000000000000000000010000000
40000000000000000000000000000000000000000000000000000000 40000000000000000000000000000000000000000000000010000000
200000000000000000000000000000000000000000000000 200000000000000000000000000000000000000010000000
40000000000000000000000000000000000000000000000000000000000000000000000000000000000000000000000000000 40000000000000000000000000000000000000000000000000000000000000000000000000000000000000000000010000000
90000000000000000000000000000000000000000000000000000000000000000000000000 90000000000000000000000000000000000000000000000000000000000000000010000000
10000000000000000000000 10000000000000010000000
8000000000000000000000000000000000000000000000000 8000000000000000000000000000000000000000010000000
400000000000000000000000000000000000000000000000000000000000000000000000000000 400000000000000000000000000000000000000000000000000000000000000000000010000000
80000000000000000000000000000000000000000000000000000000000000000 80000000000000000000000000000000000000000000000000000000010000000
100000000000000000000000000000000000000000000000000000000000000000000000000 100000000000000000000000000000000000000000000000000000000000000000010000000
7000000000000000000000000000000000 7000000000000000000000000010000000
80000000000000000000000000000000000000000000000000000000000000000000000000000000000000000000000 80000000000000000000000000000000000000000000000000000000000000000000000000000000000000010000000
6000000000000000000000000000000000000000000000 6000000000000000000000000000000000000010000000
40000000000000000000000000000000000000000000000000 40000000000000000000000000000000000000000010000000
50000000000000000000000000000000000000000000000000000000000000000000000000000000000000000000000000 50000000000000000000000000000000000000000000000000000000000000000000000000000000000000000010000000
5000000000000000000000000000000000000000000000000000000000000000000000 5000000000000000000000000000000000000000000000000000000000000010000000
600000000000000000000000000000000000000000000000000000000000000000000000 600000000000000000000000000000000000000000000000000000000000000010000000
8000000000000 8000010000000
900000000000000000000000000000000000000000000000000000000000000000000000000000000000000000000000000 900000000000000000000000000000000000000000000000000000000000000000000000000000000000000000010000000
6000000000000000 6000000010000000
2000000000000000000000000000000000000000000000000000000000000000000 2000000000000000000000000000000000000000000000000000000000010000000
3000000000000000000000000000000000000000000000000000 3000000000000000000000000000000000000000000010000000
40000000000000000000000000000000000000000000000000000000000000000000000000000000000000000 40000000000000000000000000000000000000000000000000000000000000000000000000000000010000000
30000000000000000000000000000000000000000000000000000000000000000000 30000000000000000000000000000000000000000000000000000000000010000000
700000000000000000000 700000000000010000000
10000000000000000000000000000000000000000000000000000000000000000000000 10000000000000000000000000000000000000000000000000000000000000010000000
300000000000000000000000000000000000000000000000000000000000000000000000000000000000000000000000000 300000000000000000000000000000000000000000000000000000000000000000000000000000000000000000010000000
100000000000000000000000000000000000000000000000000000000000000000000000 100000000000000000000000000000000000000000000000000000000000000010000000
500000000000000 500000010000000
70000000000000000000000000000000 70000000000000000000000010000000
10000000000000000000000000 10000000000000000010000000
200000000000000000000000000000000000000000000000000000000000 200000000000000000000000000000000000000000000000000010000000
5000000000000000000000000000000000000000000000000000000000 5000000000000000000000000000000000000000000000000010000000
8000000000000000000000000000000000000000000000000000000000 8000000000000000000000000000000000000000000000000010000000
100000000000000000000000000000000000000000000000000000000000000000000000000000000000000 100000000000000000000000000000000000000000000000000000000000000000000000000000010000000
800000000000000000000000000000000000000000000000000000000000000000000000000000000000000000000000 800000000000000000000000000000000000000000000000000000000000000000000000000000000000000010000000
800000000000000000000000000000 800000000000000000000010000000
900000000000 900010000000
600000000000000000000000000000000 600000000000000000000000010000000
6000000000000000 6000000010000000
1000000000000000000000000000 1000000000000000000010000000
20000000000000000000000000000000000000000000000000000000000000000000000 20000000000000000000000000000000000000000000000000000000000000010000000
30000000000 30010000000
900000000000000000000000000000000000000000000000000000000000000000 900000000000000000000000000000000000000000000000000000000010000000
7000000000000000000000000000000000000000000000000 7000000000000000000000000000000000000000010000000
400000000000000000000000000000000000000000000000000000000000000000000000000000000000000000000 400000000000000000000000000000000000000000000000000000000000000000000000000000000000010000000
20000000000000000000000000000000000 20000000000000000000000000010000000
4000000000000000000000000000000000000000000000 4000000000000000000000000000000000000010000000
5000000000000000000000000000000000000000000000000000000000000000000000000000 5000000000000000000000000000000000000000000000000000000000000000000010000000
600000000000000000000000000000000000000000000000000000 600000000000000000000000000000000000000000000010000000
70000000000000000000000000000000000000000000000000 70000000000000000000000000000000000000000010000000
200000000000000000000000000000 200000000000000000000010000000
2000000000000000000000000000000000000000000000000000000000000000000000000000000000000000000000 2000000000000000000000000000000000000000000000000000000000000000000000000000000000000010000000
70000000000000000000000000000 70000000000000000000010000000
80000000000000000000000000000000 80000000000000000000000010000000
300000000000000000000000000000000000 300000000000000000000000000010000000
6000000000000000000000000000000000000000000000000000000000000 6000000000000000000000000000000000000000000000000000010000000
80000000000000000000000000000000000000000000000000000000000000000000 80000000000000000000000000000000000000000000000000000000000010000000
300000000000 300010000000
40000000000000000000000000000000000000000000000000000000000000000000000000000000000 40000000000000000000000000000000000000000000000000000000000000000000000000010000000
8000000000000000000000000000000000000000000000000000000000000000000000000000000000000000 8000000000000000000000000000000000000000000000000000000000000000000000000000000010000000
70000000000000000000000000000000000000000000000000 70000000000000000000000000000000000000000010000000
800000000000000000000000000000000000 800000000000000000000000000010000000
2000000000000000000000000000000000000000000000000000000000 2000000000000000000000000000000000000000000000000010000000
80000000000000000000000000000000000 80000000000000000000000000010000000
300000000000000000000000000000000000000000000000000000000000000000000000000000000000000000000 300000000000000000000000000000000000000000000000000000000000000000000000000000000000010000000
600000000000000000000000000000000000000000000000000000000000000000 600000000000000000000000000000000000000000000000000000000010000000
2000000000000000000000000000000000000000000000000000000000000 2000000000000000000000000000000000000000000000000000010000000
300000000000000000000000000000000000000000000000000000 300000000000000000000000000000000000000000000010000000
20000000000000000000000000000000000000000000000000000000000000000000000000 20000000000000000000000000000000000000000000000000000000000000000010000000
400000000000000000000000000000000000000 400000000000000000000000000000010000000
500000000000000000000000000000000000000000000000000000000000000 500000000000000000000000000000000000000000000000000000010000000
6000000000000 6000010000000
90000000000000000000000000000000000000 90000000000000000000000000000010000000
4000000000000000000000000000000000000000 4000000000000000000000000000000010000000
90000000000000000000000000000000000000000000000000000000000000000000000000 90000000000000000000000000000000000000000000000000000000000000000010000000
80000000000000000000000000000000000000000000000000000000000000000000000000000000000000000000000000 80000000000000000000000000000000000000000000000000000000000000000000000000000000000000000010000000
90000000000000000000000000000000000000000000000000000000000000000000000000000000000000 90000000000000000000000000000000000000000000000000000000000000000000000000000010000000
1000000000000000000000000000 1000000000000000000010000000
300000000000000000000000000000000000000000000000000000000000000000000000 300000000000000000000000000000000000000000000000000000000000000010000000
90000000000000000000000000000000000000000000000000000000000000000000000000000000000000000000000 90000000000000000000000000000000000000000000000000000000000000000000000000000000000000010000000
70000000000000000000000000000000000000000000000000000000 70000000000000000000000000000000000000000000000010000000
4000000000000000000000000000000000000000000 4000000000000000000000000000000000010000000
4000000000000000000000000000000000000000000000000000000000000000000000000000 4000000000000000000000000000000000000000000000000000000000000000000010000000
9000000000000000000000000000000000000000000000000000000 9000000000000000000000000000000000000000000000010000000
40000000000000000000000000000 40000000000000000000010000000
50000000000000000000000000000000000000000000000000000000000000000000 50000000000000000000000000000000000000000000000000000000000010000000
800000000000000000000000000000000000000000000000000000000000000000000000000000000000000 800000000000000000000000000000000000000000000000000000000000000000000000000000010000000
7000000000000000000000000000000000000000000000000000000000000000000000000000000000000 7000000000000000000000000000000000000000000000000000000000000000000000000000010000000
800000000000000000000 800000000000010000000
9000000000000000000000000000000000000000000000000000000000000000000000 9000000000000000000000000000000000000000000000000000000000000010000000
100000000000000000000000000000000000000000000000000000000000 100000000000000000000000000000000000000000000000000010000000
500000000000000000000000000000000000000000000000000000000000000000000000000000000 500000000000000000000000000000000000000000000000000000000000000000000000010000000
900000000000000000000000000000000000000000000000000000000000000000000000000000000000000000000000000 900000000000000000000000000000000000000000000000000000000000000000000000000000000000000000010000000
3000000000000000000000000000000000000000000000000000000000000000000000000000000000000000000000 3000000000000000000000000000000000000000000000000000000000000000000000000000000000000010000000
2000000000000000000000 2000000000000010000000
100000000000000000000000000000000000000000000000000000000000000000000000000000000000000000000 100000000000000000000000000000000000000000000000000000000000000000000000000000000000010000000
80000000000000000000000000000000000000000000000000000000000000000000000 80000000000000000000000000000000000000000000000000000000000000010000000
9000000000000000000000000000000000000000000000000000000000000000000000000000000000000000000000 9000000000000000000000000000000000000000000000000000000000000000000000000000000000000010000000
700000000000000000000000000000000000000000000000000000000000000000000000000000000000000000000 700000000000000000000000000000000000000000000000000000000000000000000000000000000000010000000
9000000000000000000000000000000000000000000000000000000000000000000000000000000000000000000000000000 9000000000000000000000000000000000000000000000000000000000000000000000000000000000000000000010000000
6000000000000000000000000000000000000000000000000000000000000000000000000000000000000000000 6000000000000000000000000000000000000000000000000000000000000000000000000000000000010000000
80000000000000000000000000000000000000000 80000000000000000000000000000000010000000
1000000000000000 1000000010000000
70000000000000000000000000000000000000000000000000000000000000000000 70000000000000000000000000000000000000000000000000000000000010000000
5000000000000000000000000000000 5000000000000000000000010000000
800000000000000000000000000000000000000000000000000000000 800000000000000000000000000000000000000000000000010000000
7000000000000000000000 7000000000000010000000
900000000000000000000000000000000 900000000000000000000000010000000
1000000000000000000000000000000000000000000000000000000000000000000 1000000000000000000000000000000000000000000000000000000000010000000
10000000000000000000000000 10000000000000000010000000
200000000000000000000 200000000000010000000
10000000000000 10000010000000
100000000000000 100000010000000
2000000000000000000000000000 2000000000000000000010000000
900000000000000000000000000000000 900000000000000000000000010000000
1000000000000000000000000000000000000000000000000000000000000000000000000000 1000000000000000000000000000000000000000000000000000000000000000000010000000
6000000000000000000000000000000000000000000000000000000000000000000000000000000000 6000000000000000000000000000000000000000000000000000000000000000000000000010000000
9000000000000000000000000000000000000000000000000000000000000000000 9000000000000000000000000000000000000000000000000000000000010000000
80000000000000000000000000000000000000000000000000000000000000000000000000000000000000 80000000000000000000000000000000000000000000000000000000000000000000000000000010000000
100000000000000000000000000000000000000000000000000000000000000000000000 100000000000000000000000000000000000000000000000000000000000000010000000
50000000000000000 50000000010000000
4000000000000000000000000000000000000000000000000000000000000000000000000000000000 4000000000000000000000000000000000000000000000000000000000000000000000000010000000
20000000000000000000000000000000000000000000000000000000000000000000000000000000000000000 20000000000000000000000000000000000000000000000000000000000000000000000000000000010000000
1000000000000000000000000000000000000000000000000000000000000000000 1000000000000000000000000000000000000000000000000000000000010000000
100000000000000000000000000000000000000000000000000000000000000000000000000000000000000000000000000 100000000000000000000000000000000000000000000000000000000000000000000000000000000000000000010000000
400000000000000000000000000000000000000000000000000000000 400000000000000000000000000000000000000000000000010000000
30000000000000000000000 30000000000000010000000
1000000000000000000000000000000000000000000000000000000000000000000000000 1000000000000000000000000000000000000000000000000000000000000000010000000
200000000000000000000000000000000000000000000000000000000000000000000000000000000000000 200000000000000000000000000000000000000000000000000000000000000000000000000000010000000
