2000000000000000000000000000000000000000000000000000000000000000000 2000000000000000000000000000000000000000000000000000000000000010000
70000000000000000000000000000000000000000000000000000000000000000000000000000000000000000000000000000 70000000000000000000000000000000000000000000000000000000000000000000000000000000000000000000000010000
80000000000000000000000000 80000000000000000000010000
600000000000000000000000000000000000000000000000000000000000000000000000000000000000000000000000000 600000000000000000000000000000000000000000000000000000000000000000000000000000000000000000000010000
500000000000 500000010000
40000000000000000000000000000000000 40000000000000000000000000000010000
60000000000 60000010000
6000000000000000000000000000000000000000000000000000000000000000000000000000000000000000000000 6000000000000000000000000000000000000000000000000000000000000000000000000000000000000000010000
60000000000000000000000000000000000000000000000000000000000000000000000000000000000000000000000 60000000000000000000000000000000000000000000000000000000000000000000000000000000000000000010000
500000000000000000000000000000000000000000000000 500000000000000000000000000000000000000000010000
900000000000000000000000000000000000000000000000000000000000000000000000000000000000000000000000000 900000000000000000000000000000000000000000000000000000000000000000000000000000000000000000000010000
50000000000 50000010000
10000000000000000000000000000000000000000000000000000000000000000 10000000000000000000000000000000000000000000000000000000000010000
6000000000000000000000000000000000000000000000000000000000000000000000000000 6000000000000000000000000000000000000000000000000000000000000000000000010000
6000000000000000000000000000000000000000000000 6000000000000000000000000000000000000000010000
10000000000 10000010000
500000000000000000000000000000000000 500000000000000000000000000000010000
40000000000000000000000000000000000000000000000000000000000000000000000000 40000000000000000000000000000000000000000000000000000000000000000000010000
8000000000000000000000000000000000000000000000000000000000000000000000000000000000000000000 8000000000000000000000000000000000000000000000000000000000000000000000000000000000000010000
700000000000000000000000000000000000000000000000000000000000000000000000000000000000000000000000 700000000000000000000000000000000000000000000000000000000000000000000000000000000000000000010000
500000000000000000 500000000000010000
6000000000000000000000000000000000000000000000000000000000000000000 6000000000000000000000000000000000000000000000000000000000000010000
4000000000000000000000000000000 4000000000000000000000000010000
700000000000000000000000000000000000000000000000000000000000000000000000000000000 700000000000000000000000000000000000000000000000000000000000000000000000000010000
40000000000000000000000000000000 40000000000000000000000000010000
60000000000000000000000000000000000000000000000000000000 60000000000000000000000000000000000000000000000000010000
5000000000000000000000000000000000000000000000000000000000 5000000000000000000000000000000000000000000000000000010000
4000000000000000000000000 4000000000000000000010000
3000000000000000000000000000 3000000000000000000000010000
80000000000000000000000000000000000000000000000000000000000000000000000000000000000000000000000 80000000000000000000000000000000000000000000000000000000000000000000000000000000000000000010000
70000000000000 70000000010000
90000000000000000000000000000000000000000000000000000000 90000000000000000000000000000000000000000000000000010000
600000000000000 600000000010000
30000000000000000000000000000 30000000000000000000000010000
100000000000000000000000000000000000000000000000000000000000000000000000 100000000000000000000000000000000000000000000000000000000000000000010000
800000000000000000000000000000000000000000000000000000000000000000000000000000000000000000 800000000000000000000000000000000000000000000000000000000000000000000000000000000000010000
9000000000000000000000000000000000000 9000000000000000000000000000000010000
6000000000000 6000000010000
40000000000000000000000000000000000000 40000000000000000000000000000000010000
1000000000000000000000000000000000000000000 1000000000000000000000000000000000000010000
400000000000000000000000000000000000000000000000000000000 400000000000000000000000000000000000000000000000000010000
10000000000000000 10000000000010000
8000000000000000000000000000000000000000000 8000000000000000000000000000000000000010000
9000000000000000000 9000000000000010000
20000000000000000000000000 20000000000000000000010000
9000000000000000000000000000000000 9000000000000000000000000000010000
300000000000000000000000000000000000000000000000000000000000000000000000000000 300000000000000000000000000000000000000000000000000000000000000000000000010000
50000000000000000000000000000000000000000000000000000000000000000000000000 50000000000000000000000000000000000000000000000000000000000000000000010000
2000000000000000000000000 2000000000000000000010000
4000000000000000000000000000000000000000 4000000000000000000000000000000000010000
800000000000000000000000000000000000000000000000000000000000000000000000000000 800000000000000000000000000000000000000000000000000000000000000000000000010000
300000000000000000000000000000000000000000000000000000000000000000000000000 300000000000000000000000000000000000000000000000000000000000000000000010000
400000000000000000000000000000000000000000000000 400000000000000000000000000000000000000000010000
400000000000000000000000000000000000000000000000000000000000000000 400000000000000000000000000000000000000000000000000000000000010000
5000000000000000000000000000000 5000000000000000000000000010000
400000000000000000000000000000000000000000000000000000 400000000000000000000000000000000000000000000000010000
6000000000000000000000000000000000000000000000000000000000 6000000000000000000000000000000000000000000000000000010000
4000000000000000 4000000000010000
2000000000000000000000000000000000000000000000000000000000000000000000000000000 2000000000000000000000000000000000000000000000000000000000000000000000000010000
4000000000000000000000000000000000000000000000000000000000000000000000000000000000000 4000000000000000000000000000000000000000000000000000000000000000000000000000000010000
10000000000000000000000000000000000000000000000000000000000000000 10000000000000000000000000000000000000000000000000000000000010000
8000000000000000000000000000000000000000000000000000000000000000 8000000000000000000000000000000000000000000000000000000000010000
200000000000000000000000000000 200000000000000000000000010000
500000000000000000000000 500000000000000000010000
80000000000000000000000 80000000000000000010000
90000000000000000000 90000000000000010000
2000000000000 2000000010000
500000000000000000000000000000000000000 500000000000000000000000000000000010000
1000000000000000000000000000000000000000000000000 1000000000000000000000000000000000000000000010000
7000000000000000000000000000000000000000000000000000000000000000000000000000000000000000000000000 7000000000000000000000000000000000000000000000000000000000000000000000000000000000000000000010000
1000000000000000000000000 1000000000000000000010000
90000000000000000000000000000000000000000 90000000000000000000000000000000000010000
80000000000000000000000000000000000000000 80000000000000000000000000000000000010000
4000000000000000000000000000000000000000000000000000000000 4000000000000000000000000000000000000000000000000000010000
5000000000000000000000000000000000000000000000000000000000000000000000000000000000000000 5000000000000000000000000000000000000000000000000000000000000000000000000000000000010000
300000000000000000000000000000000000000000000000000000000000000 300000000000000000000000000000000000000000000000000000000010000
60000000000000000000000000000000000000000 60000000000000000000000000000000000010000
9000000000000000000000000000000000000000000000000000000000000000000000000000 9000000000000000000000000000000000000000000000000000000000000000000000010000
900000000000000000000000000000000000000000000000000000000000000000000000000000000000000000000000 900000000000000000000000000000000000000000000000000000000000000000000000000000000000000000010000
200000000000000000000000000000000000000000000000000000000000000000000 200000000000000000000000000000000000000000000000000000000000000010000
300000000000000000000000000000000000000000 300000000000000000000000000000000000010000
5000000000000000000000000000000 5000000000000000000000000010000
100000000000000000000000000000000000000000000000000000000000 100000000000000000000000000000000000000000000000000000010000
9000000000000000000000 9000000000000000010000
7000000000000000000000000000000000000000000000000000000000000000000000000000000000000000000000000000 7000000000000000000000000000000000000000000000000000000000000000000000000000000000000000000000010000
20000000000 20000010000
5000000000000000000000000000000000000000000000000000000000000000000000000 5000000000000000000000000000000000000000000000000000000000000000000010000
30000000000000000000000000000000000000000000000000000000000000000000000000000000000000000 30000000000000000000000000000000000000000000000000000000000000000000000000000000000010000
700000000000000000000000000000000000000000000000000000000000000000000000000000000000000000000 700000000000000000000000000000000000000000000000000000000000000000000000000000000000000010000
2000000000000000000000000000000000000000000000000000000000000000000000000000000000000000000000000 2000000000000000000000000000000000000000000000000000000000000000000000000000000000000000000010000
50000000000000000000000000000000000000000000000000000000000000000000000000 50000000000000000000000000000000000000000000000000000000000000000000010000
600000000000000000000000000000000000000000000000000000 600000000000000000000000000000000000000000000000010000
700000000000000000000000000000000000000000000000000000000000000000000000000000000000000000 700000000000000000000000000000000000000000000000000000000000000000000000000000000000010000
1000000000000000000000000 1000000000000000000010000
20000000000000000000000000000000000000 20000000000000000000000000000000010000
3000000000000000000000000 3000000000000000000010000
3000000000000000000000000000000000000000000000000000000000000000000000000000000000000000 3000000000000000000000000000000000000000000000000000000000000000000000000000000000010000
7000000000000000000000000000000000000000000000000000000000000000000000000000000000000 7000000000000000000000000000000000000000000000000000000000000000000000000000000010000
500000000000000000000000000000000000 500000000000000000000000000000010000
2000000000000000 2000000000010000
