500000000000000000000000000000000000000000000000000000000000000000000000000 500000000000000000000000000000000000000000000000000000000000000010000000000
8000000000000000000000000000000000000000000000000000 8000000000000000000000000000000000000000010000000000
30000000000000000000000000000 30000000000000000010000000000
1000000000000000000000000000000000000000000000000000000 1000000000000000000000000000000000000000000010000000000
9000000000000000000000000000000000000000000000000000000 9000000000000000000000000000000000000000000010000000000
4000000000000000000000000000000000000000000000000000000000000000000000000000000000000000000000000000 4000000000000000000000000000000000000000000000000000000000000000000000000000000000000000010000000000
800000000000000000000000000000000000000000000000000000000000000000 800000000000000000000000000000000000000000000000000000010000000000
40000000000000000000000000 40000000000000010000000000
500000000000000000000000000000000000000000000000000000000000000000000000000000000000 500000000000000000000000000000000000000000000000000000000000000000000000010000000000
500000000000000000000000000000000000000000000000000000000000000000000000000000 500000000000000000000000000000000000000000000000000000000000000000010000000000
100000000000000000000000000000000000000000000000000000000000000000000000000000000 100000000000000000000000000000000000000000000000000000000000000000000010000000000
3000000000000000000000000000000000000000000000000000000000000000000000 3000000000000000000000000000000000000000000000000000000000010000000000
200000000000000000000000000000000000000000000000000000000000000000000 200000000000000000000000000000000000000000000000000000000010000000000
70000000000000000000000000000000000000000000000 70000000000000000000000000000000000010000000000
9000000000000000000000 9000000000010000000000
700000000000000000000 700000000010000000000
2000000000000000000000000000000000000000000000000000000000000000000000000000000000000000000 2000000000000000000000000000000000000000000000000000000000000000000000000000000010000000000
3000000000000000000000000000000 3000000000000000000010000000000
400000000000000000000000000000000000000000000000000000000000000000000000 400000000000000000000000000000000000000000000000000000000000010000000000
50000000000000000000000000000000000000000000000000000000000000000000000000 50000000000000000000000000000000000000000000000000000000000000010000000000
20000000000000000000000000000000000000000000000000000 20000000000000000000000000000000000000000010000000000
20000000000000000000000000000000000000000000 20000000000000000000000000000000010000000000
100000000000000000000000000000000000000000000000000000000000000000000000000000000000000000000 100000000000000000000000000000000000000000000000000000000000000000000000000000000010000000000
20000000000000000000000000000 20000000000000000010000000000
9000000000000000000000000000000000000000000000000000000000000000000000000000 9000000000000000000000000000000000000000000000000000000000000000010000000000
1000000000000000000000000000000000000000000000000000000000000000000000000000000000000000 1000000000000000000000000000000000000000000000000000000000000000000000000000010000000000
700000000000000000000 700000000010000000000
30000000000000 30010000000000
10000000000000000 10000010000000000
800000000000000000000000000000000000000000 800000000000000000000000000000010000000000
5000000000000000000000000000000000000000000000000000000000000000000000000000000000000000000000000 5000000000000000000000000000000000000000000000000000000000000000000000000000000000000010000000000
800000000000000000000000000000000000000000000000000000000000000000000000000000000000000000000 800000000000000000000000000000000000000000000000000000000000000000000000000000000010000000000
9000000000000000000000000000000000000000000000000000000000000000000000000 9000000000000000000000000000000000000000000000000000000000000010000000000
60000000000000000000000000000000000000000000000000000000000000000 60000000000000000000000000000000000000000000000000000010000000000
600000000000000000000000000000000000000000000000000 600000000000000000000000000000000000000010000000000
10000000000000000000000000000000000 10000000000000000000000010000000000
300000000000000000000000 300000000000010000000000
70000000000000000000000000000000000000000000000000000000000000000000000000000000000000 70000000000000000000000000000000000000000000000000000000000000000000000000010000000000
900000000000000000000000000000000000000000000000000000000000000000000000000000000000000 900000000000000000000000000000000000000000000000000000000000000000000000000010000000000
20000000000000000000000000000000000000000000000000 20000000000000000000000000000000000000010000000000
8000000000000000000000000000000000000000000000000000000000 8000000000000000000000000000000000000000000000010000000000
70000000000000000000000000000000000000000000000000000000000000 70000000000000000000000000000000000000000000000000010000000000
10000000000000000000000000000000000000000000000000000000000000000000000000000 10000000000000000000000000000000000000000000000000000000000000000010000000000
500000000000000 500010000000000
20000000000000000000000000000000000000000000000000000 20000000000000000000000000000000000000000010000000000
3000000000000000000000000000000 3000000000000000000010000000000
90000000000000000000000000000000000000000000000000000000000000000000000000000000000000000000 90000000000000000000000000000000000000000000000000000000000000000000000000000000010000000000
8000000000000000000000000000000 8000000000000000000010000000000
3000000000000 3010000000000
900000000000000 900010000000000
200000000000000000000000000000000000000000000000000000000000000000000000000000000000000 200000000000000000000000000000000000000000000000000000000000000000000000000010000000000
7000000000000000 7000010000000000
3000000000000000000000 3000000000010000000000
4000000000000000000000000000000000000000000000000000000000000000000000000000000 4000000000000000000000000000000000000000000000000000000000000000000010000000000
30000000000000000000000000000000000000000000000000 30000000000000000000000000000000000000010000000000
80000000000000000000000000000000000000000000000000000000000000000000000000000 80000000000000000000000000000000000000000000000000000000000000000010000000000
7000000000000000000000000000000000000000000000000000000000000 7000000000000000000000000000000000000000000000000010000000000
9000000000000000000000000000000000000000000000000000000000000000000000 9000000000000000000000000000000000000000000000000000000000010000000000
200000000000000000000000000000000000000000000000000000000000000000000000000000 200000000000000000000000000000000000000000000000000000000000000000010000000000
700000000000000000000000000000000000000000000000000000000000000 700000000000000000000000000000000000000000000000000010000000000
600000000000000000000000000000000000000000000000000000000000000000 600000000000000000000000000000000000000000000000000000010000000000
5000000000000000000000000000000000000000000000000000000 5000000000000000000000000000000000000000000010000000000
800000000000 810000000000
300000000000000000000000 300000000000010000000000
3000000000000000000000000000000000000000000000000000000000000000000000000000000000000000 3000000000000000000000000000000000000000000000000000000000000000000000000000010000000000
1000000000000 1010000000000
7000000000000000000000000000000000000000000000000000000000 7000000000000000000000000000000000000000000000010000000000
6000000000000000000000000000000000 6000000000000000000000010000000000
30000000000000000000000000000000000000000000000000 30000000000000000000000000000000000000010000000000
7000000000000000000000000000000000000000000000000000000000000000000000000000000000000000000000000 7000000000000000000000000000000000000000000000000000000000000000000000000000000000000010000000000
20000000000000000000000000000000000000000000000000000000000000000000000000000000000000000000000000 20000000000000000000000000000000000000000000000000000000000000000000000000000000000000010000000000
40000000000000000000000000000000000000000000000000000000000000000000000000000000000000000000000 40000000000000000000000000000000000000000000000000000000000000000000000000000000000010000000000
200000000000000000000000000000000000000000000000000000000000000000000000 200000000000000000000000000000000000000000000000000000000000010000000000
100000000000000000000000000000000000000000000000000 100000000000000000000000000000000000000010000000000
100000000000000000000000000000000 100000000000000000000010000000000
500000000000000000000000000000000000000000000000000000000000000000000000000000000000000000000000 500000000000000000000000000000000000000000000000000000000000000000000000000000000000010000000000
30000000000000000000000000000000000000000000000000000000000 30000000000000000000000000000000000000000000000010000000000
20000000000000000000000000000000000000000000000000000000000 20000000000000000000000000000000000000000000000010000000000
20000000000000000000000000000000000000 20000000000000000000000000010000000000
7000000000000000000000000000000000000000000000000000000 7000000000000000000000000000000000000000000010000000000
60000000000000000000000000000000000000000000 60000000000000000000000000000000010000000000
40000000000000000000000000000000000 40000000000000000000000010000000000
900000000000000000000000000000000000 900000000000000000000000010000000000
800000000000000000000000000000000000000000000000000000000000000000000000000 800000000000000000000000000000000000000000000000000000000000000010000000000
90000000000000000000000000 90000000000000010000000000
80000000000000000000000000000000000000000000000000000000000000000000000000000000 80000000000000000000000000000000000000000000000000000000000000000000010000000000
700000000000000000000000000000 700000000000000000010000000000
70000000000000000000000000000000000000000000000000000000000000000000000 70000000000000000000000000000000000000000000000000000000000010000000000
500000000000000000000000000000000000000000000 500000000000000000000000000000000010000000000
5000000000000000000000000000000000000000000000000000000000000000000000000000000000000000000000000000 5000000000000000000000000000000000000000000000000000000000000000000000000000000000000000010000000000
600000000000000000000000000000000000000000000000000000000000000000000000000 600000000000000000000000000000000000000000000000000000000000000010000000000
700000000000000000000000000000 700000000000000000010000000000
700000000000000000000000000000000000000000000 700000000000000000000000000000000010000000000
800000000000000000000000000000000000000000000000000000000000000000 800000000000000000000000000000000000000000000000000000010000000000
200000000000000000000000000000000 200000000000000000000010000000000
2000000000000000000000000000000000000000000000000000000000000 2000000000000000000000000000000000000000000000000010000000000
60000000000000000 60000010000000000
50000000000000000000000000000000 50000000000000000000010000000000
200000000000000000000000000000000000000000000000 200000000000000000000000000000000000010000000000
1000000000000000000000000000000000000000000000000000000000000 1000000000000000000000000000000000000000000000000010000000000
40000000000000000000000000000000000000000000000000000 40000000000000000000000000000000000000000010000000000
9000000000000000000000000000000000000 9000000000000000000000000010000000000
8000000000000000000000000000000000000000000000000000 8000000000000000000000000000000000000000010000000000
80000000000000000000000000000000000000000000000000000000000000000 80000000000000000000000000000000000000000000000000000010000000000
80000000000000000000000000000000000000000000000000000000000000000000000000000000000000 80000000000000000000000000000000000000000000000000000000000000000000000000010000000000
500000000000000000000000000000000000000000000000000000000000000000000000000000000000000000 500000000000000000000000000000000000000000000000000000000000000000000000000000010000000000
2000000000000000000000000000000000000000000000000000000000000000000000000000000 2000000000000000000000000000000000000000000000000000000000000000000010000000000
6000000000000000000000000000000000000000000000000 6000000000000000000000000000000000000010000000000
6000000000000000000000000000000000000 6000000000000000000000000010000000000
7000000000000000000000000000000000000000000000000 7000000000000000000000000000000000000010000000000
100000000000000000000000000000000000000000000000000000000000000000000 100000000000000000000000000000000000000000000000000000000010000000000
60000000000000000000000000000000000000000000000000000000000000000000000000000000 60000000000000000000000000000000000000000000000000000000000000000000010000000000
7000000000000000000000000000000000000000000000000000000000000000000 7000000000000000000000000000000000000000000000000000000010000000000
90000000000000000000000000 90000000000000010000000000
1000000000000000000000000000000000000000000000000000000000000000000000000000000000 1000000000000000000000000000000000000000000000000000000000000000000000010000000000
3000000000000000000000000000000000000000000000 3000000000000000000000000000000000010000000000
200000000000000000000 200000000010000000000
8000000000000000 8000010000000000
3000000000000000000000000000000000000 3000000000000000000000000010000000000
6000000000000000000000000000000000000000000000000000000000000000000000000000000000000000000000000000 6000000000000000000000000000000000000000000000000000000000000000000000000000000000000000010000000000
100000000000000000 100000010000000000
5000000000000000000000000000000000000000000000000000000000000000000000000000000000000000000 5000000000000000000000000000000000000000000000000000000000000000000000000000000010000000000
20000000000000000000 20000000010000000000
800000000000000000000000000000000000000000000000000000000000000 800000000000000000000000000000000000000000000000000010000000000
100000000000000 100010000000000
6000000000000000000000000000 6000000000000000010000000000
80000000000000000000000000 80000000000000010000000000
400000000000 410000000000
300000000000000000000000 300000000000010000000000
600000000000000000000000000000000000000000000000000000000000000000000000000000000 600000000000000000000000000000000000000000000000000000000000000000000010000000000
10000000000000000000 10000000010000000000
7000000000000000000000000000000000000000000000000000000000000000000000000000000000000000 7000000000000000000000000000000000000000000000000000000000000000000000000000010000000000
20000000000000000000000000000000000000000000000000 20000000000000000000000000000000000000010000000000
5000000000000000 5000010000000000
8000000000000000000000000000000000000000000000000000000000000000000000000000000000000000000000000 8000000000000000000000000000000000000000000000000000000000000000000000000000000000000010000000000
70000000000000000000000 70000000000010000000000
300000000000000000000000000000000000000000000000000000000000000000000000000000000000000000000000 300000000000000000000000000000000000000000000000000000000000000000000000000000000000010000000000
5000000000000000000000000000000000000000000000000000 5000000000000000000000000000000000000000010000000000
6000000000000000000000000000000000000000000000000000000000000000000000000000000000 6000000000000000000000000000000000000000000000000000000000000000000000010000000000
20000000000000000000000000000000000000000000000000000000000000000000000000000000000000000000 20000000000000000000000000000000000000000000000000000000000000000000000000000000010000000000
3000000000000000000000000000000000000000000000000000000000 3000000000000000000000000000000000000000000000010000000000
60000000000000000 60000010000000000
10000000000000000000000000000000000000000000000000000000000000000000000000000000000000000000000000 10000000000000000000000000000000000000000000000000000000000000000000000000000000000000010000000000
10000000000000000000000000000000000000000000000000 10000000000000000000000000000000000000010000000000
4000000000000000000000000000000000000000000000000000000000000000000000000 4000000000000000000000000000000000000000000000000000000000000010000000000
700000000000000000000000000000000000000000000000000000000000000 700000000000000000000000000000000000000000000000000010000000000
900000000000000000000000000000000000000000000000000000000000000000000000000000000000000 900000000000000000000000000000000000000000000000000000000000000000000000000010000000000
900000000000000000000000000000000000000000000000000000000000000000000000000000000000000000000 900000000000000000000000000000000000000000000000000000000000000000000000000000000010000000000
4000000000000000000000000000000000000000000000 4000000000000000000000000000000000010000000000
500000000000000000000000000000000000000000000000 500000000000000000000000000000000000010000000000
100000000000000000000000000000000 100000000000000000000010000000000
40000000000000000000000000000000000000000000000000000000000000000000000000000000000000 40000000000000000000000000000000000000000000000000000000000000000000000000010000000000
30000000000000000000000000000000000000000000000000000000000000000000000000000000000000000000 30000000000000000000000000000000000000000000000000000000000000000000000000000000010000000000
60000000000000000000000000000000000000000 60000000000000000000000000000010000000000
80000000000000000000000000000000000000000000000000000000000000 80000000000000000000000000000000000000000000000000010000000000
5000000000000000000000000000000000000000000 5000000000000000000000000000000010000000000
60000000000000000000000000000000000000000000000000000000000000000000000000000 60000000000000000000000000000000000000000000000000000000000000000010000000000
900000000000000000 900000010000000000
400000000000000000000000000000000000000000000000000000000000000000000000000000000 400000000000000000000000000000000000000000000000000000000000000000000010000000000
30000000000000000000000000000000000000000000000000000000000000000000 30000000000000000000000000000000000000000000000000000000010000000000
80000000000 90000000000
60000000000000000000000000000000000000000 60000000000000000000000000000010000000000
20000000000000000000000000000000000000000000000000000000000 20000000000000000000000000000000000000000000000010000000000
9000000000000000000000000000000000000000000000000000000000000 9000000000000000000000000000000000000000000000000010000000000
60000000000000000000000000000000000000000000000000000000000000000000000000000000000000000 60000000000000000000000000000000000000000000000000000000000000000000000000000010000000000
5000000000000000000000000000000 5000000000000000000010000000000
60000000000000 60010000000000
40000000000000000000 40000000010000000000
8000000000000000000000000000000000000 8000000000000000000000000010000000000
90000000000000000000000000000000000000000000000000000000000000000000000000000000000000000000000000000 90000000000000000000000000000000000000000000000000000000000000000000000000000000000000000010000000000
20000000000000000000000000000000000000000000000 20000000000000000000000000000000000010000000000
20000000000000000000000000000000000000000 20000000000000000000000000000010000000000
300000000000000000000 300000000010000000000
8000000000000 8010000000000
200000000000 210000000000
9000000000000000000000000 9000000000000010000000000
2000000000000000000000000000000000000000000000000000000000000000000000000000000000000000000 2000000000000000000000000000000000000000000000000000000000000000000000000000000010000000000
9000000000000000000000000000000000000000 9000000000000000000000000000010000000000
700000000000000 700010000000000
300000000000000000000 300000000010000000000
800000000000000000000000000000000000000000000000000000000000000000000000000 800000000000000000000000000000000000000000000000000000000000000010000000000
1000000000000000000000000000000000000000000 1000000000000000000000000000000010000000000
100000000000000000000000000000000000000000000 100000000000000000000000000000000010000000000
80000000000000000000000000000000000000000000000000000000000000000000000000000000000000000 80000000000000000000000000000000000000000000000000000000000000000000000000000010000000000
900000000000000000000000000000000000000000000000000000000000000 900000000000000000000000000000000000000000000000000010000000000
900000000000000000000000 900000000000010000000000
300000000000000000000000000000000000000000000000000000000 300000000000000000000000000000000000000000000010000000000
700000000000000000000000000000000000000000000000000000000000000000000000000000000000 700000000000000000000000000000000000000000000000000000000000000000000000010000000000
7000000000000000000000000000000000000000000000000000000000000000000000000000000000000000000000000 7000000000000000000000000000000000000000000000000000000000000000000000000000000000000010000000000
1000000000000000000000000000000000000000000000000000000000000000000000000000000000000000000000000 1000000000000000000000000000000000000000000000000000000000000000000000000000000000000010000000000
300000000000000000000000000000000000000000000000000000000000000000000000000000000000000000000000000 300000000000000000000000000000000000000000000000000000000000000000000000000000000000000010000000000
80000000000000000000000000000000 80000000000000000000010000000000
30000000000000000000000000000000000000000000000000000000000000000 30000000000000000000000000000000000000000000000000000010000000000
300000000000 310000000000
60000000000000000000000000000000 60000000000000000000010000000000
50000000000000000000000000000000000000000000000000000000000000000000000000000000000000000000000000000 50000000000000000000000000000000000000000000000000000000000000000000000000000000000000000010000000000
90000000000000 90010000000000
400000000000000000 400000010000000000
2000000000000000000000000000000000000000000000000000000000000000000000000000000 2000000000000000000000000000000000000000000000000000000000000000000010000000000
7000000000000000000000000000000000000000000000000000000000000000000000000000000000000000000000 7000000000000000000000000000000000000000000000000000000000000000000000000000000000010000000000
4000000000000000000000000000000000000000000000000000000000000000000 4000000000000000000000000000000000000000000000000000000010000000000
70000000000000000000000000000000000000000000000000000000 70000000000000000000000000000000000000000000010000000000
100000000000000000000000000000000000000000000000000000000000000000000000000000000 100000000000000000000000000000000000000000000000000000000000000000000010000000000
70000000000000000 70000010000000000
600000000000000000000000000000000000000000000000000000000000000000000000000000000000000000000 600000000000000000000000000000000000000000000000000000000000000000000000000000000010000000000
9000000000000000 9000010000000000
6000000000000000000000000000000000000000000000000000000000000000000000000000000000000000000 6000000000000000000000000000000000000000000000000000000000000000000000000000000010000000000
200000000000000000000000000000000000000000000000000000000000 200000000000000000000000000000000000000000000000010000000000
10000000000000000000000000000000000000000000000000000000000000000000000000000000000000000000000 10000000000000000000000000000000000000000000000000000000000000000000000000000000000010000000000
4000000000000000000000 4000000000010000000000
90000000000000000000000000000000000000000000000000000000000 90000000000000000000000000000000000000000000000010000000000
8000000000000000000000000000000000 8000000000000000000000010000000000
20000000000 30000000000
9000000000000000000000 9000000000010000000000
3000000000000000000000000000000000000000000000000000000000000000000000000000000000 3000000000000000000000000000000000000000000000000000000000000000000000010000000000
600000000000000000000000000000000000000000000000000000000 600000000000000000000000000000000000000000000010000000000
5000000000000000000000000000000000000000000000000000000000000000000000000000000000000000000000 5000000000000000000000000000000000000000000000000000000000000000000000000000000000010000000000
60000000000000000000000000000000000000000000000000000000000000000000000000000 60000000000000000000000000000000000000000000000000000000000000000010000000000
2000000000000000000000000000000000000000000000000000000000000000000000000000000000 2000000000000000000000000000000000000000000000000000000000000000000000010000000000
200000000000000000000000000000000000000000000000 200000000000000000000000000000000000010000000000
70000000000000000000000000000000000 70000000000000000000000010000000000
2000000000000000000000000000000000000000000000000000000000000000000000000000000000000000000000000000 2000000000000000000000000000000000000000000000000000000000000000000000000000000000000000010000000000
40000000000000000000000000000000000000000000000000000000000000000000000000000 40000000000000000000000000000000000000000000000000000000000000000010000000000
9000000000000000000000000000000000000000000000 9000000000000000000000000000000000010000000000
3000000000000000000000000000000000000000000000000000000000000000000000000000000000000000 3000000000000000000000000000000000000000000000000000000000000000000000000000010000000000
20000000000000000 20000010000000000
800000000000000000000000000000000000000000000000 800000000000000000000000000000000000010000000000
20000000000000000000 20000000010000000000
20000000000000000000000000000000000000000000000000000000000000000000000000000000000000000000000000 20000000000000000000000000000000000000000000000000000000000000000000000000000000000000010000000000
40000000000000000000000000000000000000000000000000 40000000000000000000000000000000000000010000000000
70000000000000000000000000000000000000000 70000000000000000000000000000010000000000
9000000000000 9010000000000
70000000000000000000000 70000000000010000000000
800000000000 810000000000
300000000000000000000000000000000000000000000 300000000000000000000000000000000010000000000
4000000000000000000000000000000000000000000000 4000000000000000000000000000000000010000000000
80000000000000000000000000000000000000000000000000000000000000000000 80000000000000000000000000000000000000000000000000000000010000000000
600000000000000000000000000000000000000000000000000000000000000000000 600000000000000000000000000000000000000000000000000000000010000000000
40000000000000000000000000000000000000000000000000000000000000000000000000000000000000000 40000000000000000000000000000000000000000000000000000000000000000000000000000010000000000
400000000000000000000000000000000000000000000000000000000000000000000000000000000000 400000000000000000000000000000000000000000000000000000000000000000000000010000000000
8000000000000000000000000000000000000000000000000000000000000000000000000000000000000000 8000000000000000000000000000000000000000000000000000000000000000000000000000010000000000
900000000000000000000000000000000000000000000000000000000000000000000000000 900000000000000000000000000000000000000000000000000000000000000010000000000
20000000000000000000000000000000000 20000000000000000000000010000000000
60000000000000000000000000000000000000000000000000000000000000000000000000 60000000000000000000000000000000000000000000000000000000000000010000000000
10000000000000000000000000000000000000000000000000000000000000000 10000000000000000000000000000000000000000000000000000010000000000
400000000000000 400010000000000
90000000000 100000000000
5000000000000000000000000000000000000000000000000000000000000000000000 5000000000000000000000000000000000000000000000000000000000010000000000
20000000000000000000000000000000000000000000000000000000 20000000000000000000000000000000000000000000010000000000
700000000000000000000000000000000000000000000000000000000000000000000000000000000 700000000000000000000000000000000000000000000000000000000000000000000010000000000
70000000000000000000000000000000000000000000000000000000000000000000000000000000000000000000000000 70000000000000000000000000000000000000000000000000000000000000000000000000000000000000010000000000
800000000000000000000000000000000 800000000000000000000010000000000
400000000000000000000000 400000000000010000000000
400000000000000000000000000000000000000000000000000000 400000000000000000000000000000000000000000010000000000
900000000000000000000000000000000000000000000000000000000000000000000000000000000000000000000000 900000000000000000000000000000000000000000000000000000000000000000000000000000000000010000000000
30000000000000000 30000010000000000
20000000000000000000000000000000000000000000000000000000000000000000000000 20000000000000000000000000000000000000000000000000000000000000010000000000
300000000000000000000000000000000000000000000000000000000000000000000000000000000000000000 300000000000000000000000000000000000000000000000000000000000000000000000000000010000000000
70000000000000000000000000000000000000000000000000000000000 70000000000000000000000000000000000000000000000010000000000
2000000000000 2010000000000
50000000000000000000000000000000000000000000000000000000000000000000000000000 50000000000000000000000000000000000000000000000000000000000000000010000000000
90000000000000000000000000000000000000000000000000 90000000000000000000000000000000000000010000000000
200000000000000000000000000000000000000000000000000000000000000000000000000000000 200000000000000000000000000000000000000000000000000000000000000000000010000000000
700000000000000000000000000000 700000000000000000010000000000
800000000000000000000000000000000000000000000000000000000000 800000000000000000000000000000000000000000000000010000000000
6000000000000000000000000000000000000000000000000000000 6000000000000000000000000000000000000000000010000000000
5000000000000000000000000 5000000000000010000000000
70000000000000000000000000000000000000000000000000000000000000000000000 70000000000000000000000000000000000000000000000000000000000010000000000
50000000000000000000000000000000000000000000000000000000000000000000000000000000000000000000000 50000000000000000000000000000000000000000000000000000000000000000000000000000000000010000000000
6000000000000000000000000000000000000000000000000000000000000000000000 6000000000000000000000000000000000000000000000000000000000010000000000
900000000000000000000000000000000000000000000000000000000000000000000000 900000000000000000000000000000000000000000000000000000000000010000000000
2000000000000000000000000000000000000000000000000000000000000000000000000000000000000000000 2000000000000000000000000000000000000000000000000000000000000000000000000000000010000000000
400000000000000000000000000000000000000000000000000000000000000000000000000000000000000000 400000000000000000000000000000000000000000000000000000000000000000000000000000010000000000
400000000000000000000000000000000000000000000000000000000000 400000000000000000000000000000000000000000000000010000000000
600000000000000000000000000000000000000000 600000000000000000000000000000010000000000
70000000000000000000000000000000000000000000000000000000000000000000000000 70000000000000000000000000000000000000000000000000000000000000010000000000
900000000000000000000000000000000000000000000000000000000000000000000000 900000000000000000000000000000000000000000000000000000000000010000000000
700000000000000000000000000000000000000000000000000000000000 700000000000000000000000000000000000000000000000010000000000
200000000000000000000000000000000000000000000000000000000000000000 200000000000000000000000000000000000000000000000000000010000000000
80000000000000000000000000000000000000000000000000000000000000000000 80000000000000000000000000000000000000000000000000000000010000000000
5000000000000000 5000010000000000
10000000000000000000000000000000000000000000000000000000000000000000 10000000000000000000000000000000000000000000000000000000010000000000
10000000000000000000000000000000000000000 10000000000000000000000000000010000000000
100000000000000000000000000000000000000000000000000000000000000000000000000000000000000000 100000000000000000000000000000000000000000000000000000000000000000000000000000010000000000
60000000000000000000000000000000000000000000000000000 60000000000000000000000000000000000000000010000000000
600000000000000000000000000000000000000000000 600000000000000000000000000000000010000000000
500000000000000000000000000000000000000000000000000000000000000000000000000000000 500000000000000000000000000000000000000000000000000000000000000000000010000000000
2000000000000000000000 2000000000010000000000
3000000000000000000000000000000000000000000000000000 3000000000000000000000000000000000000000010000000000
100000000000000000000000000000000000000000000000000000000000000000000000000000000 100000000000000000000000000000000000000000000000000000000000000000000010000000000
8000000000000000000000000000000000000000000000000000000000 8000000000000000000000000000000000000000000000010000000000
800000000000000000000000000000000000000000000000000000000000000 800000000000000000000000000000000000000000000000000010000000000
700000000000 710000000000
800000000000000000000000000000000000000000000000 800000000000000000000000000000000000010000000000
400000000000 410000000000
3000000000000000000000000000000000000000000000000000000000000000000000000000000000 3000000000000000000000000000000000000000000000000000000000000000000000010000000000
700000000000000000000000000000000000000000000000 700000000000000000000000000000000000010000000000
40000000000000000 40000010000000000
1000000000000000 1000010000000000
20000000000000000000000000000000000000000000000000000000000000000000000000000000000 20000000000000000000000000000000000000000000000000000000000000000000000010000000000
100000000000000000000 100000000010000000000
7000000000000000000000000000000000000000000000000000000 7000000000000000000000000000000000000000000010000000000
300000000000000000000000000000000000000000000000000000000 300000000000000000000000000000000000000000000010000000000
200000000000000000000000000 200000000000000010000000000
500000000000 510000000000
7000000000000000000000000000000000000000000000 7000000000000000000000000000000000010000000000
200000000000000000000000000000000000000000000000000 200000000000000000000000000000000000000010000000000
60000000000000000000000000000000000000000000 60000000000000000000000000000000010000000000
10000000000000000 10000010000000000
8000000000000000000000000000000000000000000000000000000000000000000000000000000000000000000000 8000000000000000000000000000000000000000000000000000000000000000000000000000000000010000000000
80000000000000000000000000000000000000000000 80000000000000000000000000000000010000000000
600000000000000000000000000 600000000000000010000000000
90000000000000000000000000000000000000000000000000000000000000000000000000000000000000 90000000000000000000000000000000000000000000000000000000000000000000000000010000000000
5000000000000000000 5000000010000000000
2000000000000000000000000000000000000000000000000000000000000000000000000000000000000000 2000000000000000000000000000000000000000000000000000000000000000000000000000010000000000
6000000000000000000 6000000010000000000
5000000000000000000000000000000000000000000000000000000000000000000000000000000 5000000000000000000000000000000000000000000000000000000000000000000010000000000
3000000000000000 3000010000000000
4000000000000000000000000000000000000000000 4000000000000000000000000000000010000000000
80000000000000000000000 80000000000010000000000
500000000000000000000000000000000000000 500000000000000000000000000010000000000
100000000000000000000000000000000000000000000000000000000000000000000000000000000000000 100000000000000000000000000000000000000000000000000000000000000000000000000010000000000
10000000000000000000000000000000000000000000000000000000000000 10000000000000000000000000000000000000000000000000010000000000
800000000000000000000000000000000000000000000000000000000000000000000000000000000000000000000000000 800000000000000000000000000000000000000000000000000000000000000000000000000000000000000010000000000
100000000000000000000000000000000000000000000000 100000000000000000000000000000000000010000000000
300000000000000000000000000000000000000000000000000000000000000000000000 300000000000000000000000000000000000000000000000000000000000010000000000
5000000000000000000000000000000000000000000000000000000000000000 5000000000000000000000000000000000000000000000000000010000000000
100000000000000000000000000000000000000000000000000000000000000000000000000000 100000000000000000000000000000000000000000000000000000000000000000010000000000
70000000000000000000000000000000000000000000000 70000000000000000000000000000000000010000000000
70000000000000000000000000000000000000000000000000000000000000000000000000000000000000000000000000000 70000000000000000000000000000000000000000000000000000000000000000000000000000000000000000010000000000
200000000000000000000000000000000000000000 200000000000000000000000000000010000000000
70000000000000000000000000000000000000000000 70000000000000000000000000000000010000000000
600000000000 610000000000
80000000000000000000000000000000000000000000000000000000000000 80000000000000000000000000000000000000000000000000010000000000
700000000000000000000000000 700000000000000010000000000
3000000000000000000000000000000000000000000000000000 3000000000000000000000000000000000000000010000000000
800000000000000000000000000000000000000000000000000000000000000000000000000000000000000000000 800000000000000000000000000000000000000000000000000000000000000000000000000000000010000000000
20000000000 30000000000
9000000000000000000000000000000000000000000 9000000000000000000000000000000010000000000
300000000000000000000000000000000000000000000000000000000000000000000 300000000000000000000000000000000000000000000000000000000010000000000
400000000000000000000000000000000 400000000000000000000010000000000
400000000000000000000000000000000000000000000000000 400000000000000000000000000000000000000010000000000
7000000000000000000000000000000000000000000000000000000000000000000 7000000000000000000000000000000000000000000000000000000010000000000
6000000000000000000000000000000000000000000000000000000000000000000000000000000000000000000000000 6000000000000000000000000000000000000000000000000000000000000000000000000000000000000010000000000
500000000000000000000000000000000000000000000000000000000000000 500000000000000000000000000000000000000000000000000010000000000
9000000000000000000000000000000000000000000000000000000000000000000000000000000000000000000000 9000000000000000000000000000000000000000000000000000000000000000000000000000000000010000000000
700000000000000000000000000000000000000000000000000000000000000000000000000000000000000000000 700000000000000000000000000000000000000000000000000000000000000000000000000000000010000000000
80000000000000000000000000000000000000000000000000000000000000000000000 80000000000000000000000000000000000000000000000000000000000010000000000
5000000000000000000000000000000000000000000000000000000000000000000000000 5000000000000000000000000000000000000000000000000000000000000010000000000
80000000000000000000000000000000000000000000000 80000000000000000000000000000000000010000000000
300000000000000000000000000000000000000000000000000000000000000000000000000 300000000000000000000000000000000000000000000000000000000000000010000000000
600000000000000 600010000000000
6000000000000 6010000000000
500000000000000000000000000000000000000000000000000000000000000000000000000000000000000000000000000 500000000000000000000000000000000000000000000000000000000000000000000000000000000000000010000000000
30000000000000000000000000000000000000000000 30000000000000000000000000000000010000000000
30000000000000000000000000000000000000000000000000000000000000000000000000000000000000000000 30000000000000000000000000000000000000000000000000000000000000000000000000000000010000000000
3000000000000000000000000000000000000000000000000000000000000000000000000000000000000000000 3000000000000000000000000000000000000000000000000000000000000000000000000000000010000000000
100000000000000000000000000000000000000000000000000000 100000000000000000000000000000000000000000010000000000
800000000000000000000000000000000000000000000000000000000000000 800000000000000000000000000000000000000000000000000010000000000
3000000000000 3010000000000
40000000000000000000000000000000000000000000000000000000000 40000000000000000000000000000000000000000000000010000000000
700000000000000000000000000000000000000000000000000000000000000000000000000000000000000000 700000000000000000000000000000000000000000000000000000000000000000000000000000010000000000
800000000000000000000000000000000000000000000000000000000000000000000000000000000000000000000 800000000000000000000000000000000000000000000000000000000000000000000000000000000010000000000
600000000000000000000000000000000000000000000000000000000000000000000000000000 600000000000000000000000000000000000000000000000000000000000000000010000000000
80000000000000000000000000000000000000 80000000000000000000000000010000000000
9000000000000000000000000000000000000000000000000000000 9000000000000000000000000000000000000000000010000000000
10000000000000000000000000000000000000000000000000000000000000000000000000000000000 10000000000000000000000000000000000000000000000000000000000000000000000010000000000
300000000000000000000000000000000000000000000000000000000000000000000 300000000000000000000000000000000000000000000000000000000010000000000
5000000000000000000000000000000000000000000000000000000000000000000000000000000000000000000000 5000000000000000000000000000000000000000000000000000000000000000000000000000000000010000000000
6000000000000000000000000000000000000000000000000 6000000000000000000000000000000000000010000000000
300000000000000000000000000000000000000000000000000000000000000000000000000 300000000000000000000000000000000000000000000000000000000000000010000000000
200000000000000000000000000000000000000000000000000000000000000000000000 200000000000000000000000000000000000000000000000000000000000010000000000
30000000000000000000000000000000 30000000000000000000010000000000
4000000000000000000000000000000000000 4000000000000000000000000010000000000
7000000000000000000000000000000000000 7000000000000000000000000010000000000
100000000000000000000000000000000000000000000000 100000000000000000000000000000000000010000000000
8000000000000000000000000000000000000 8000000000000000000000000010000000000
2000000000000000000000000000000000000000000000000000000000000000000000000000000000000000000 2000000000000000000000000000000000000000000000000000000000000000000000000000000010000000000
20000000000000000 20000010000000000
4000000000000000000000000000000000000000000000 4000000000000000000000000000000000010000000000
400000000000000000000000000000000000000000000000000000000000000000 400000000000000000000000000000000000000000000000000000010000000000
900000000000000000000000000000000000000000000000000000000000000000000000000000 900000000000000000000000000000000000000000000000000000000000000000010000000000
6000000000000000000000000000000000000000000 6000000000000000000000000000000010000000000
9000000000000000000000000000000000000000000000000000 9000000000000000000000000000000000000000010000000000
300000000000000000000000000000000000000000000000000000000000000 300000000000000000000000000000000000000000000000000010000000000
900000000000000000000000000000000000000000000000000000000000000000000000000000000000 900000000000000000000000000000000000000000000000000000000000000000000000010000000000
70000000000000000000000000000000000000000000 70000000000000000000000000000000010000000000
600000000000000000000000000 600000000000000010000000000
2000000000000000000000000000000000000000000000000000000000000000 2000000000000000000000000000000000000000000000000000010000000000
90000000000000000000000000000000000000000000000000000000000000000000000 90000000000000000000000000000000000000000000000000000000000010000000000
60000000000000000000000000000000000000000000000000000000000000000000000000000000000000000000000 60000000000000000000000000000000000000000000000000000000000000000000000000000000000010000000000
5000000000000000000000000000000000000 5000000000000000000000000010000000000
400000000000000000000000000000000000000000000000000000000000 400000000000000000000000000000000000000000000000010000000000
9000000000000000000000000000000000000000000000000000000000 9000000000000000000000000000000000000000000000010000000000
90000000000000000000000000000000000000000000000000000000000000000000000000 90000000000000000000000000000000000000000000000000000000000000010000000000
5000000000000000000000000000000000000000000000000000000000000000000000000000 5000000000000000000000000000000000000000000000000000000000000000010000000000
90000000000000000000000000000000000000000000000000000000000000000 90000000000000000000000000000000000000000000000000000010000000000
600000000000000000000000000000000000000000000000000000000000000000000000000000000000000000000000 600000000000000000000000000000000000000000000000000000000000000000000000000000000000010000000000
200000000000000000000000000000000000000000000000000000 200000000000000000000000000000000000000000010000000000
800000000000000000000000000000000000000000000000000000000000000000000 800000000000000000000000000000000000000000000000000000000010000000000
30000000000000000000000000000000000000000000000000000000000000000000000000000000 30000000000000000000000000000000000000000000000000000000000000000000010000000000
7000000000000000000000000000000000000000000000000000000000000000000000000000000000000000000 7000000000000000000000000000000000000000000000000000000000000000000000000000000010000000000
400000000000000000 400000010000000000
30000000000000000000000000000000000000000000000000000000000000000000000000000000 30000000000000000000000000000000000000000000000000000000000000000000010000000000
4000000000000000000000000000000000000000000000000000000000000000000000000000000000000000000000000000 4000000000000000000000000000000000000000000000000000000000000000000000000000000000000000010000000000
2000000000000000000000000000000 2000000000000000000010000000000
700000000000000000000000000000000000000000000000000000000000000 700000000000000000000000000000000000000000000000000010000000000
50000000000 60000000000
4000000000000000000000000000000000000000000000000000000000000000 4000000000000000000000000000000000000000000000000000010000000000
3000000000000000000000 3000000000010000000000
7000000000000000000000000000000000000000000000000000000000000000000000000000 7000000000000000000000000000000000000000000000000000000000000000010000000000
20000000000000000000000000000000000000 20000000000000000000000000010000000000
9000000000000000000000000000000000000000000000000000000000000000000000000000000000000000000000000000 9000000000000000000000000000000000000000000000000000000000000000000000000000000000000000010000000000
8000000000000000000000000000000000000000000000000000000 8000000000000000000000000000000000000000000010000000000
500000000000000000000000000000000000000000000000000000000000000000000000000000000000000000000000000 500000000000000000000000000000000000000000000000000000000000000000000000000000000000000010000000000
3000000000000000000000000000000000000000000000000000000000000000000000000000000000000000000000000000 3000000000000000000000000000000000000000000000000000000000000000000000000000000000000000010000000000
20000000000000000000000000000000000000000000000000000000000000000000000000000000000000000 20000000000000000000000000000000000000000000000000000000000000000000000000000010000000000
7000000000000000000000000000000000000000000000000000000000000000000000000 7000000000000000000000000000000000000000000000000000000000000010000000000
5000000000000000000000000000000000000000000000000000 5000000000000000000000000000000000000000010000000000
700000000000000000000000000000 700000000000000000010000000000
20000000000000000000000000000000000000000000 20000000000000000000000000000000010000000000
60000000000000000000000000000000000000000000000000000000000000000000000000 60000000000000000000000000000000000000000000000000000000000000010000000000
600000000000000000 600000010000000000
30000000000000000000000000000000000000000000000000000000000000000000000000000000000000000000000 30000000000000000000000000000000000000000000000000000000000000000000000000000000000010000000000
800000000000000000000000000000000000000000000000000000000000000000000000 800000000000000000000000000000000000000000000000000000000000010000000000
3000000000000000000000000000000000000000000000000000000000000000000000000000000000000000000000000000 3000000000000000000000000000000000000000000000000000000000000000000000000000000000000000010000000000
800000000000000000000000000000000000000000000000000000000000 800000000000000000000000000000000000000000000000010000000000
70000000000000000000000000000000000 70000000000000000000000010000000000
40000000000000000 40000010000000000
100000000000000000000000000 100000000000000010000000000
2000000000000000000000 2000000000010000000000
8000000000000000000000000000000000000000 8000000000000000000000000000010000000000
50000000000000000000000000000000000000000000000000000 50000000000000000000000000000000000000000010000000000
500000000000000000000000000000000000000000000000000000000 500000000000000000000000000000000000000000000010000000000
6000000000000000000000000000000000000000000000000000000000000000000000000000000 6000000000000000000000000000000000000000000000000000000000000000000010000000000
4000000000000000000000000000000000000000000000000000000000000000000000000000 4000000000000000000000000000000000000000000000000000000000000000010000000000
30000000000000000000000000000000000000000000000000000000000000000000000000000000000 30000000000000000000000000000000000000000000000000000000000000000000000010000000000
30000000000000 30010000000000
800000000000000000000000000000000000000000000000000000000000000000000000000000000000000000000000000 800000000000000000000000000000000000000000000000000000000000000000000000000000000000000010000000000
7000000000000000000000000000 7000000000000000010000000000
800000000000000000000000000000000000000 800000000000000000000000000010000000000
900000000000000000000000000000000000000000000000000000000000000000000000 900000000000000000000000000000000000000000000000000000000000010000000000
40000000000000000000000000000000000000000000000000000000 40000000000000000000000000000000000000000000010000000000
300000000000000000000000000000000000000000000 300000000000000000000000000000000010000000000
70000000000000000 70000010000000000
8000000000000000000000000000000 8000000000000000000010000000000
2000000000000000000000000000000000000000000000000000000000000000000000000000000000000 2000000000000000000000000000000000000000000000000000000000000000000000000010000000000
20000000000000000000 20000000010000000000
30000000000000000000000000000000000000000000000000000000000000000000000000000000000000000000000000000 30000000000000000000000000000000000000000000000000000000000000000000000000000000000000000010000000000
7000000000000000000000000000000000000000000000000000000000000000 7000000000000000000000000000000000000000000000000000010000000000
900000000000000000000000000000000000000000000000000000000000000000000 900000000000000000000000000000000000000000000000000000000010000000000
60000000000000000000000000000000000000000000000000000000000000000000000000000000000000000000 60000000000000000000000000000000000000000000000000000000000000000000000000000000010000000000
700000000000 710000000000
80000000000000000000000000000000000000000000000000 80000000000000000000000000000000000000010000000000
60000000000000000000 60000000010000000000
60000000000000000000000000000000000000000000000000000000000000000000000000000000000000000000000000 60000000000000000000000000000000000000000000000000000000000000000000000000000000000000010000000000
200000000000000 200010000000000
40000000000000000000 40000000010000000000
500000000000000000000000000000000000000000000000000000000000000 500000000000000000000000000000000000000000000000000010000000000
700000000000000000000000000000000000000000 700000000000000000000000000000010000000000
800000000000000000000000000000000000000000000000 800000000000000000000000000000000000010000000000
50000000000000000000000000000000 50000000000000000000010000000000
50000000000000000000000000000000000000000000000 50000000000000000000000000000000000010000000000
70000000000000000000000000000000000000000000000000000000000000000000000000000000000000000 70000000000000000000000000000000000000000000000000000000000000000000000000000010000000000
10000000000000000000000000000000000000000000000000000000000000000000000000000000000000000 10000000000000000000000000000000000000000000000000000000000000000000000000000010000000000
90000000000000000000000000000000000000000000000000000000000000000000000000000000000000000000000000000 90000000000000000000000000000000000000000000000000000000000000000000000000000000000000000010000000000
500000000000000000000000000000000 500000000000000000000010000000000
2000000000000000000000000000000000000000000000000000000000000000000000000000000 2000000000000000000000000000000000000000000000000000000000000000000010000000000
300000000000000000000000000000000000000000000000000000000000000000000000000000000 300000000000000000000000000000000000000000000000000000000000000000000010000000000
500000000000000000000000000000000000000000000 500000000000000000000000000000000010000000000
200000000000000000000000000000000000 200000000000000000000000010000000000
9000000000000000000000000000000000000000000000000000000000000000000000000000000000000000 9000000000000000000000000000000000000000000000000000000000000000000000000000010000000000
300000000000000000000000000000000000000000000000000000000000000000 300000000000000000000000000000000000000000000000000000010000000000
900000000000000000000000000000000000000000000000000000000000000000 900000000000000000000000000000000000000000000000000000010000000000
30000000000000000000000000000000000 30000000000000000000000010000000000
3000000000000000000000000000000000000000000000000000000000000000000000000 3000000000000000000000000000000000000000000000000000000000000010000000000
9000000000000000000000000000000000000000000000000000000000000000000000000000000000000000 9000000000000000000000000000000000000000000000000000000000000000000000000000010000000000
50000000000000000000000000000000000000000000000000000000000000000 50000000000000000000000000000000000000000000000000000010000000000
5000000000000000000000000000000000000000000000000000000000000000 5000000000000000000000000000000000000000000000000000010000000000
30000000000000000000000000000000000000000000000000000000000000 30000000000000000000000000000000000000000000000000010000000000
3000000000000000000000000000000000000000000 3000000000000000000000000000000010000000000
10000000000000000000000000000000000 10000000000000000000000010000000000
800000000000000000000000000000000000000000000000000000000000000000000000000000000000000000000000 800000000000000000000000000000000000000000000000000000000000000000000000000000000000010000000000
7000000000000000000 7000000010000000000
6000000000000000000000000000000000000000000000000000000000000000000000000000000000000 6000000000000000000000000000000000000000000000000000000000000000000000000010000000000
50000000000000000000000000000000 50000000000000000000010000000000
90000000000000000000000000000000000000000000000000000000000000000000000 90000000000000000000000000000000000000000000000000000000000010000000000
3000000000000000000000000000000000000000000000000 3000000000000000000000000000000000000010000000000
500000000000000000000000000000000000000000000000000000 500000000000000000000000000000000000000000010000000000
200000000000000000000000000000000000000000000000000000000000000000000 200000000000000000000000000000000000000000000000000000000010000000000
8000000000000000000000000000000000000000000000000000 8000000000000000000000000000000000000000010000000000
3000000000000000000000000000000000000000000000000000000000 3000000000000000000000000000000000000000000000010000000000
50000000000000000000000000000 50000000000000000010000000000
8000000000000000000000000000000000 8000000000000000000000010000000000
5000000000000000000000000000000000000000000000000000000000000000 5000000000000000000000000000000000000000000000000000010000000000
800000000000000000000000000000000000000000000000000000000000000000000 800000000000000000000000000000000000000000000000000000000010000000000
3000000000000000000000000000000000000000000000000000000000000000000000000000000 3000000000000000000000000000000000000000000000000000000000000000000010000000000
400000000000000000000000000000000 400000000000000000000010000000000
1000000000000000000000000000000000000 1000000000000000000000000010000000000
5000000000000000 5000010000000000
