500000000000000000000000000000000000000000000000 500000000000000000000000000000000000000000100000
500000000000000000000000000000000000000000000000000000000000000000000000000000000000000000 500000000000000000000000000000000000000000000000000000000000000000000000000000000000100000
7000000000000000000 7000000000000100000
6000000000000000000000000000000000000000 6000000000000000000000000000000000100000
200000000000000000000000000000000000000000000000000000000000000000 200000000000000000000000000000000000000000000000000000000000100000
1000000000000000000000000000 1000000000000000000000100000
70000000000000000000000000000000000000000000000000000000000000000 70000000000000000000000000000000000000000000000000000000000100000
9000000000000000000000000000000000000000000000000000000000000000000000000000 9000000000000000000000000000000000000000000000000000000000000000000000100000
500000000000000000 500000000000100000
500000000000000000000000000000000000000000000000000000000000000000000 500000000000000000000000000000000000000000000000000000000000000100000
70000000000000000000000000000000000000 70000000000000000000000000000000100000
900000000000000000000000000000000000000 900000000000000000000000000000000100000
100000000000000000000000000000 100000000000000000000000100000
700000000000000000000000000000000000000000000000 700000000000000000000000000000000000000000100000
90000000000000000000000000000000000000000000000000000000000000000000000000000000000000000000 90000000000000000000000000000000000000000000000000000000000000000000000000000000000000100000
500000000000000000000000000000000000000000000000000000 500000000000000000000000000000000000000000000000100000
300000000000000000000000000000000000000000000000000000000000000000000000000000000000000000000000 300000000000000000000000000000000000000000000000000000000000000000000000000000000000000000100000
1000000000000000000000000000000000000000000000000000000000000000000 1000000000000000000000000000000000000000000000000000000000000100000
9000000000000000000000000000000000000000000000000000000000000000000000000000000000000000000000000 9000000000000000000000000000000000000000000000000000000000000000000000000000000000000000000100000
2000000000000000000000000000000000000000000000000000000000000000000000000000000000000000000000000000 2000000000000000000000000000000000000000000000000000000000000000000000000000000000000000000000100000
3000000000000000000000000000000000000000000000000000000000000000000000000000000 3000000000000000000000000000000000000000000000000000000000000000000000000100000
4000000000000000000000000000000000000000000000000000000000000000 4000000000000000000000000000000000000000000000000000000000100000
300000000000000000000000000000000000000000000000000000 300000000000000000000000000000000000000000000000100000
800000000000000000000000000000000000000000000000000000000 800000000000000000000000000000000000000000000000000100000
900000000000000000000000000000000000000000000000000000000000000000000000000000000000000 900000000000000000000000000000000000000000000000000000000000000000000000000000000100000
600000000000000000000000000000000000000000000000000000000000000000000000000000000 600000000000000000000000000000000000000000000000000000000000000000000000000100000
4000000000000000000000000 4000000000000000000100000
5000000000000000000000000000000000000000000000000000000000000000000000000000000000000000000000000 5000000000000000000000000000000000000000000000000000000000000000000000000000000000000000000100000
7000000000000000000000000000000000000000000000000000000000000000000 7000000000000000000000000000000000000000000000000000000000000100000
200000000000000000000000 200000000000000000100000
800000000000000000000000000000000000000000000000000000000000000000000000 800000000000000000000000000000000000000000000000000000000000000000100000
3000000000000000000000000000000 3000000000000000000000000100000
600000000000000000000000000000000000000000000 600000000000000000000000000000000000000100000
300000000000000000000000 300000000000000000100000
300000000000000000000000 300000000000000000100000
1000000000000000000000000000000000000000000000000000000000000000000000 1000000000000000000000000000000000000000000000000000000000000000100000
9000000000000000000000 9000000000000000100000
50000000000000000000000000000000000000000000000000000000000000000000000000000000000000000000 50000000000000000000000000000000000000000000000000000000000000000000000000000000000000100000
800000000000000000000000000000000000000000000000000000000000000000000000000000000 800000000000000000000000000000000000000000000000000000000000000000000000000100000
600000000000000000000000000000000 600000000000000000000000000100000
9000000000000000000000000000000000000000000000000000000000000000000000 9000000000000000000000000000000000000000000000000000000000000000100000
3000000000000000000000000000000000 3000000000000000000000000000100000
700000000000000000000000000 700000000000000000000100000
200000000000000000 200000000000100000
5000000000000000000000000000000000000000000000000000000000000000000000000000000000000000000000000000 5000000000000000000000000000000000000000000000000000000000000000000000000000000000000000000000100000
10000000000000000000 10000000000000100000
80000000000000000000000000000000000000000000000000000 80000000000000000000000000000000000000000000000100000
7000000000000000 7000000000100000
30000000000000000000000000000000000000000000000000000000 30000000000000000000000000000000000000000000000000100000
10000000000000000000000000000000000000000000000000000000000000000000000000 10000000000000000000000000000000000000000000000000000000000000000000100000
10000000000 10000100000
3000000000000000000000000000000000000000000000000000000000000000000000000000000000000000000000000000 3000000000000000000000000000000000000000000000000000000000000000000000000000000000000000000000100000
9000000000000000000000000000000000000000000 9000000000000000000000000000000000000100000
900000000000000000000000000000000000000000000000000000000000000000000000000000000000000000000 900000000000000000000000000000000000000000000000000000000000000000000000000000000000000100000
3000000000000000000000000000000000000000000000000000000000000000000000000000000000000000000000000 3000000000000000000000000000000000000000000000000000000000000000000000000000000000000000000100000
30000000000000000000000000000000000 30000000000000000000000000000100000
100000000000000000000000000 100000000000000000000100000
200000000000000000 200000000000100000
90000000000000000000000000000000000000000000 90000000000000000000000000000000000000100000
600000000000000000000000000000000000000000000000000000000 600000000000000000000000000000000000000000000000000100000
90000000000000000000000000000000000000000000000 90000000000000000000000000000000000000000100000
20000000000000000000000000000000000000000000000000000000000000000000000000000000000000 20000000000000000000000000000000000000000000000000000000000000000000000000000000100000
70000000000000000000000000000000000000000000000000000000000000000000000000000 70000000000000000000000000000000000000000000000000000000000000000000000100000
90000000000000000000000000000000 90000000000000000000000000100000
70000000000000000000000000000000000000000000000000000000000000000000000000000000000000000000 70000000000000000000000000000000000000000000000000000000000000000000000000000000000000100000
400000000000000000000000000000000000000000000000000000 400000000000000000000000000000000000000000000000100000
1000000000000000000000000000000000000000000000000000000000000000000000 1000000000000000000000000000000000000000000000000000000000000000100000
8000000000000000000000000000000000000000000000000000000000000000000000000000000000000000000 8000000000000000000000000000000000000000000000000000000000000000000000000000000000000100000
2000000000000000000000000000000000000000000000000000000000000000 2000000000000000000000000000000000000000000000000000000000100000
20000000000000000000000000000000000000000000000000000000000000000000000 20000000000000000000000000000000000000000000000000000000000000000100000
20000000000000000 20000000000100000
20000000000000000000000000000000000000000000000000000000000000000000000000000000000000000000000000 20000000000000000000000000000000000000000000000000000000000000000000000000000000000000000000100000
2000000000000000000000000000000000000000000000000000000000000000000000000000000000 2000000000000000000000000000000000000000000000000000000000000000000000000000100000
1000000000000000000000000000000000000000000000000000000000000000 1000000000000000000000000000000000000000000000000000000000100000
300000000000000000000000000000000000000000000000000000000000000000000000000000000000000000 300000000000000000000000000000000000000000000000000000000000000000000000000000000000100000
30000000000000000000000000000000000000000000000000 30000000000000000000000000000000000000000000100000
60000000000000000000000000000000000000000000000000000000000000000000000000000000 60000000000000000000000000000000000000000000000000000000000000000000000000100000
20000000000000 20000000100000
700000000000000000000000000000000000000 700000000000000000000000000000000100000
2000000000000000000000000000000000000000000000000000000000 2000000000000000000000000000000000000000000000000000100000
600000000000000000000000000000000 600000000000000000000000000100000
50000000000000000000000000000000000000000000 50000000000000000000000000000000000000100000
1000000000000000000000000000000000000000000000000000000000000000000000000000000 1000000000000000000000000000000000000000000000000000000000000000000000000100000
500000000000000000000000000000000000000000 500000000000000000000000000000000000100000
1000000000000000000000000000000000 1000000000000000000000000000100000
30000000000000000000000000000000000000000000000000000000000000000000000 30000000000000000000000000000000000000000000000000000000000000000100000
700000000000000000000000000000000000000000000000000000000000000000000000000000000000000000000000000 700000000000000000000000000000000000000000000000000000000000000000000000000000000000000000000100000
500000000000000000000000000000000000000000000000000000 500000000000000000000000000000000000000000000000100000
50000000000000000000 50000000000000100000
300000000000000000000000 300000000000000000100000
9000000000000000000000000000000000000000000000000000000000000000000000000000000 9000000000000000000000000000000000000000000000000000000000000000000000000100000
3000000000000000000000000000000 3000000000000000000000000100000
20000000000000000000000000000000000000000000000000000000000000000000000 20000000000000000000000000000000000000000000000000000000000000000100000
700000000000000000000000000000000000000000000000000000000000000000000000 700000000000000000000000000000000000000000000000000000000000000000100000
300000000000000000000000000000000000000000000000000000000000 300000000000000000000000000000000000000000000000000000100000
5000000000000000000000000000000000000000000000000000000000000 5000000000000000000000000000000000000000000000000000000100000
80000000000000000 80000000000100000
3000000000000000000000000 3000000000000000000100000
3000000000000000 3000000000100000
200000000000000000000000000000000000000000 200000000000000000000000000000000000100000
