600000000000000000000000000 600000000000000000001000000
100000000000000000000000000000000000000000000000000000000000000000000 100000000000000000000000000000000000000000000000000000000000001000000
3000000000000000000000000000000000000000000000000000000000000000000000000000000000000000000000000 3000000000000000000000000000000000000000000000000000000000000000000000000000000000000000001000000
9000000000000000000000000000000000 9000000000000000000000000001000000
70000000000000000000000000000000000 70000000000000000000000000001000000
10000000000000000 10000000001000000
100000000000000000000000000000000000000000000000000 100000000000000000000000000000000000000000001000000
4000000000000000000000000000000 4000000000000000000000001000000
50000000000000000000000000000000000000000000000000000000000000000000000000000000000 50000000000000000000000000000000000000000000000000000000000000000000000000001000000
500000000000000000000000000000000 500000000000000000000000001000000
500000000000000000000000000000 500000000000000000000001000000
10000000000000000000000000000000000000000000000000000000000 10000000000000000000000000000000000000000000000000001000000
50000000000000000000000000000000000000000000000000000000 50000000000000000000000000000000000000000000000001000000
500000000000000000000000000000000000 500000000000000000000000000001000000
200000000000000000000000000000000000000000000000000000000000000000000000000000000 200000000000000000000000000000000000000000000000000000000000000000000000001000000
20000000000000000000000000000000000000000000000000000000000000000000000000000 20000000000000000000000000000000000000000000000000000000000000000000001000000
100000000000000000000000000000000 100000000000000000000000001000000
1000000000000000000000000000000000000000000000000000000000000000000000000000000000000000000000000000 1000000000000000000000000000000000000000000000000000000000000000000000000000000000000000000001000000
400000000000000000000000000000000000000000000 400000000000000000000000000000000000001000000
900000000000000000000000000000000000000000000000000000000000000000000000000000000000 900000000000000000000000000000000000000000000000000000000000000000000000000001000000
700000000000000000000000000000000000000000000000000000000 700000000000000000000000000000000000000000000000001000000
200000000000000000000000000000000000000000000000000000000000000 200000000000000000000000000000000000000000000000000000001000000
20000000000000000000000000000000000000000000000000000000000000 20000000000000000000000000000000000000000000000000000001000000
7000000000000000000000000000000000000000000000000000000000000000000000000000000000000 7000000000000000000000000000000000000000000000000000000000000000000000000000001000000
400000000000000000000000000000 400000000000000000000001000000
600000000000000000000000000000000000000 600000000000000000000000000000001000000
3000000000000000000000000000000000000000000000000000000000000000000 3000000000000000000000000000000000000000000000000000000000001000000
7000000000000000000000000000000 7000000000000000000000001000000
80000000000000000000000000000000000000000000000 80000000000000000000000000000000000000001000000
8000000000000000000000000000000 8000000000000000000000001000000
200000000000 200001000000
9000000000000000000 9000000000001000000
100000000000000000000000000000000000000000000000000000 100000000000000000000000000000000000000000000001000000
50000000000000000000000000 50000000000000000001000000
500000000000000000000000000000000000000000000000000000000000000000000000000000000000000 500000000000000000000000000000000000000000000000000000000000000000000000000000001000000
2000000000000000000000000000000000000000000000000000000000000000000000000000000000000000000000000000 2000000000000000000000000000000000000000000000000000000000000000000000000000000000000000000001000000
600000000000000000000000000000000000000000000000000000000000000000000000000000000000000000000000 600000000000000000000000000000000000000000000000000000000000000000000000000000000000000001000000
300000000000000000000000000000000000000000000000000000000000000000000000 300000000000000000000000000000000000000000000000000000000000000001000000
80000000000 80001000000
9000000000000000000000000000000000000000000000000000000 9000000000000000000000000000000000000000000000001000000
600000000000000000000000000000000000000000000000000 600000000000000000000000000000000000000000001000000
3000000000000000000000000000000000000000000000000 3000000000000000000000000000000000000000001000000
2000000000000000000000000000000000000000000000 2000000000000000000000000000000000000001000000
800000000000000000000000000000000000000000000000000000000000000000 800000000000000000000000000000000000000000000000000000000001000000
40000000000000000000000000000000000000000000000000000000000000000000000000000 40000000000000000000000000000000000000000000000000000000000000000000001000000
900000000000000000000000000000000000000000000000 900000000000000000000000000000000000000001000000
7000000000000000000000000000000000000000000000000000000000000000000000000000 7000000000000000000000000000000000000000000000000000000000000000000001000000
1000000000000000000000000000000000000000000000000000000000000 1000000000000000000000000000000000000000000000000000001000000
500000000000000000000000000000000000000000000000000000 500000000000000000000000000000000000000000000001000000
60000000000000000000000000000000000000000000000000000000000000000000000000000000000 60000000000000000000000000000000000000000000000000000000000000000000000000001000000
40000000000000000000000000000000000000000000000000000000000000000000000000000000000000 40000000000000000000000000000000000000000000000000000000000000000000000000000000000100
50000000000000000000000000000000000000000000000000000000000000000000000000000000000 50000000000000000000000000000000000000000000000000000000000000000000000000000000100
4000000000000000000000000 4000000000000000000000100
800000000000000000000000000000000000000000000000000000000000000000000000000000000000000000 800000000000000000000000000000000000000000000000000000000000000000000000000000000000000100
5000000000000000 5000000000000100
700000000000000000000000000000000000000000000000 700000000000000000000000000000000000000000000100
8000000000000000000000000000000000000000000000 8000000000000000000000000000000000000000000100
20000000000000000000000000000000000000000000000000000000000000000000000000000000000000000000000000000 20000000000000000000000000000000000000000000000000000000000000000000000000000000000000000000000000100
200000000000000000000000000000000000000000000000000000000 200000000000000000000000000000000000000000000000000000100
500000000000 500000000100
900000000000000000000000000000000000000000000000000000000 900000000000000000000000000000000000000000000000000000100
1000000000000000000000000000000000 1000000000000000000000000000000100
200000000000000000000000000000000000000000000000000000000000 200000000000000000000000000000000000000000000000000000000100
40000000000000000000000000000000000000000000000000000000000000000 40000000000000000000000000000000000000000000000000000000000000100
4000000000000000000000000000000000000000 4000000000000000000000000000000000000100
30000000000000000000000000000000000000000000000000 30000000000000000000000000000000000000000000000100
10000000000000000000000000000000000 10000000000000000000000000000000100
9000000000000000000000000000000000000000000000000 9000000000000000000000000000000000000000000000100
800000000000000000000000000000000000000000000000000000000000 800000000000000000000000000000000000000000000000000000000100
40000000000000000000000000000000000000000000000000000000000000000000000000 40000000000000000000000000000000000000000000000000000000000000000000000100
30000000000000000000000000000000000000000000000000 30000000000000000000000000000000000000000000000100
50000000000000000000000000000000000000000000000000000000000000000000000000000000000000000000000000 50000000000000000000000000000000000000000000000000000000000000000000000000000000000000000000000100
8000000000000000000000000000000000000000000000000000000000000000000000000000000000 8000000000000000000000000000000000000000000000000000000000000000000000000000000100
200000000000000000000000000000000000000000000000000000000000000000000000000000000000000000000000000 200000000000000000000000000000000000000000000000000000000000000000000000000000000000000000000000100
80000000000000000000000000000000000000000000000000000000000000000000000000000000000 80000000000000000000000000000000000000000000000000000000000000000000000000000000100
400000000000000000000000000000000000000 400000000000000000000000000000000000100
90000000000000000000000000000000000000000000000000000000000000000 90000000000000000000000000000000000000000000000000000000000000100
9000000000000000000000000000000000000000000000000000000000000000000000 9000000000000000000000000000000000000000000000000000000000000000000100
100000000000000000000000000000000000000000 100000000000000000000000000000000000000100
400000000000000000000000000000 400000000000000000000000000100
300000000000000000000000000000000000000000000000000000000000000000000000000000000 300000000000000000000000000000000000000000000000000000000000000000000000000000100
10000000000000000000 10000000000000000100
6000000000000000000000000000000000000000000000000000000000000000000000000 6000000000000000000000000000000000000000000000000000000000000000000000100
1000000000000000000000000000000000000000000000000000000000000000000000000000000000000000000000 1000000000000000000000000000000000000000000000000000000000000000000000000000000000000000000100
80000000000000000000000000000000000000000000000000000000000000 80000000000000000000000000000000000000000000000000000000000100
8000000000000000000000000000000000000000000000 8000000000000000000000000000000000000000000100
4000000000000000000000000000000000000000000000000000000000000000000000000000000000000000000000000 4000000000000000000000000000000000000000000000000000000000000000000000000000000000000000000000100
6000000000000000000000000000000000000000000000 6000000000000000000000000000000000000000000100
300000000000000000000000000000000000000000000000000 300000000000000000000000000000000000000000000000100
60000000000000000000000000000000000000000 60000000000000000000000000000000000000100
80000000000000000000000000000000 80000000000000000000000000000100
20000000000000000000000000000 20000000000000000000000000100
900000000000000000000000000000000000000000000000000000000000000000000000000000000 900000000000000000000000000000000000000000000000000000000000000000000000000000100
70000000000000000 70000000000000100
70000000000000000000000000000000000000000000000000000 70000000000000000000000000000000000000000000000000100
20000000000 20000000100
200000000000000000000000000000000000000000000000000000000000000000000000000000000000000 200000000000000000000000000000000000000000000000000000000000000000000000000000000000100
8000000000000000000000000000000000000000000000000000000000000000000000000000 8000000000000000000000000000000000000000000000000000000000000000000000000100
200000000000000000000000000000000000000000000000000000000000000 200000000000000000000000000000000000000000000000000000000000100
9000000000000000000000000000000000000000000000000000000000000000000000000000000000000000000 9000000000000000000000000000000000000000000000000000000000000000000000000000000000000000100
100000000000000000000000000000000000000000000000000000000000 100000000000000000000000000000000000000000000000000000000100
20000000000000000000000000000000000000000000000000000000000000000000000000000000000000000000 20000000000000000000000000000000000000000000000000000000000000000000000000000000000000000100
100000000000000000000 100000000000000000100
500000000000000000000000000000000000 500000000000000000000000000000000100
600000000000000000000000000000000000000000000000000000000000000000000000000 600000000000000000000000000000000000000000000000000000000000000000000000100
5000000000000000000000000 5000000000000000000000100
20000000000000 20000000000100
400000000000000 400000000000100
5000000000000000000000000000000000000000000000000000000000000000 5000000000000000000000000000000000000000000000000000000000000100
8000000000000000000000 8000000000000000000100
300000000000000000000 300000000000000000100
5000000000000000000000000000000000 5000000000000000000000000000000100
40000000000000000000000000000000000000000000000000000000000000000000000000000000000000000000000000 40000000000000000000000000000000000000000000000000000000000000000000000000000000000000000000000100
4000000000000000000000000000000000000000000000000000000 4000000000000000000000000000000000000000000000000000100
40000000000000000000000000000000000000000000 40000000000000000000000000000000000000000100
6000000000000000000000000000000000000000000000000000000000000000000 6000000000000000000000000000000000000000000000000000000000000000100
700000000000000000000000000000000000000000000000000000000000000000000000000000000000000000000 700000000000000000000000000000000000000000000000000000000000000000000000000000000000000000100
4000000000000000000000000000000000000000000 4000000000000000000000000000000000000000100
900000000000000000000000000000000000000000000000 900000000000000000000000000000000000000000000100
8000000000000000000000000000000000000000000000000000000000000000 8000000000000000000000000000000000000000000000000000000000000100
90000000000000000000000000000000000000000000000000000000000 90000000000000000000000000000000000000000000000000000000100
2000000000000 2000000000100
7000000000000000000000000000000000 7000000000000000000000000000000100
40000000000000000000000000000000000000000000000000000000000000000000000000000000000000 40000000000000000000000000000000000000000000000000000000000000000000000000000000000100
90000000000000000000000000000000000000000000000000000000000000000000000 90000000000000000000000000000000000000000000000000000000000000000000100
1000000000000000000000000000000000000000000 1000000000000000000000000000000000000000100
30000000000000000000000000000000000000000 30000000000000000000000000000000000000100
5000000000000000000000000000000000000000000000000000000000000000000000000000000000000000000 5000000000000000000000000000000000000000000000000000000000000000000000000000000000000000100
700000000000000000000000000000 700000000000000000000000000100
50000000000000000000000 50000000000000000000100
8000000000000000000000000000000000000000000000000000000000000000000000000000000000000000 8000000000000000000000000000000000000000000000000000000000000000000000000000000000000100
1000000000000000000000000000000000000000000000000000000000000000000000000000000000000000000000000000 1000000000000000000000000000000000000000000000000000000000000000000000000000000000000000000000000100
60000000000000000000000000000000000000000000000000000000000000000000000000000000000000000 60000000000000000000000000000000000000000000000000000000000000000000000000000000000000100
90000000000000000000 90000000000000000100
400000000000000000000000000000000000000000000000 400000000000000000000000000000000000000000000100
900000000000000000000000000000000000000000000000000000000000000000000000000000000000000000000 900000000000000000000000000000000000000000000000000000000000000000000000000000000000000000100
200000000000 200000000100
1000000000000000000000000000000000000000000000000000000000 1000000000000000000000000000000000000000000000000000000100
40000000000000000000000000000 40000000000000000000000000100
60000000000000000000000000000000000000000000000000000000000000000000000000000000000000000000000000 60000000000000000000000000000000000000000000000000000000000000000000000000000000000000000000000100
800000000000000000000000000000000000000000000000000000000000000000000000000000000000000000000000000 800000000000000000000000000000000000000000000000000000000000000000000000000000000000000000000000100
900000000000000000000000000 900000000000000000000000100
50000000000000000000000000000000000000000000000000 50000000000000000000000000000000000000000000000100
800000000000000000000000000000000000000000000000000000000000000000000000000000000000000000000000 800000000000000000000000000000000000000000000000000000000000000000000000000000000000000000000100
2000000000000000000000 2000000000000000000100
400000000000000000000000000000000000000000000000000000000000000000000000000000000000000000000 400000000000000000000000000000000000000000000000000000000000000000000000000000000000000000100
600000000000000000000000000000000000000000000000000000000000000 600000000000000000000000000000000000000000000000000000000000100
9000000000000000000000000000000000000000000000000000000000000000000000000000000 9000000000000000000000000000000000000000000000000000000000000000000000000000100
40000000000000000 40000000000000100
80000000000000000000000000000000000000000000000000 80000000000000000000000000000000000000000000000100
300000000000000000000000000000000000000000000000000000000000000000 300000000000000000000000000000000000000000000000000000000000001000
60000000000000000000000000000000000000000000000000000000 60000000000000000000000000000000000000000000000000001000
1000000000000000000000000000000000000 1000000000000000000000000000000001000
8000000000000000000 8000000000000001000
2000000000000000000000000000000000000000000000000000 2000000000000000000000000000000000000000000000001000
60000000000000000000000 60000000000000000001000
800000000000000000000000000000000000000000000000000000000000000000000000000 800000000000000000000000000000000000000000000000000000000000000000000001000
8000000000000000000000000000000000000000000000000000000000000 8000000000000000000000000000000000000000000000000000000001000
5000000000000000000000000000000000000000000000000000 5000000000000000000000000000000000000000000000001000
300000000000000000000000000000000 300000000000000000000000000001000
80000000000000000000000000000000000000000000000000000000000000000000000000000000000000000000000000 80000000000000000000000000000000000000000000000000000000000000000000000000000000000000000000001000
80000000000000000000000 80000000000000000001000
500000000000000000000000000000000000000000000000000000000000000 500000000000000000000000000000000000000000000000000000000001000
500000000000000000000000000000000000000000000000 500000000000000000000000000000000000000000001000
800000000000000 800000000001000
5000000000000000000000000000000000000000000000000000 5000000000000000000000000000000000000000000000001000
4000000000000000 4000000000001000
900000000000000000000000000000000000000000000000000000000000000000000000000000 900000000000000000000000000000000000000000000000000000000000000000000000001000
4000000000000000000 4000000000000001000
500000000000000000000000000000000000000000000000000000000000000000000000000000000000000000 500000000000000000000000000000000000000000000000000000000000000000000000000000000000001000
80000000000000000000000000000000000000000000000000000000000000000 80000000000000000000000000000000000000000000000000000000000001000
2000000000000000000000000000000000000000000000000000000000 2000000000000000000000000000000000000000000000000000001000
600000000000000000000000000000000000000000000000000000000000000000000000000000 600000000000000000000000000000000000000000000000000000000000000000000000001000
600000000000000000000000000000000000000000000000000000000000000000000000000000000000 600000000000000000000000000000000000000000000000000000000000000000000000000000001000
7000000000000000000000000000000000000000000000000000000000000000000000000000000000000000000 7000000000000000000000000000000000000000000000000000000000000000000000000000000000000001000
300000000000000000000000000 300000000000000000000001000
1000000000000000000000000000000000000000000000 1000000000000000000000000000000000000000001000
600000000000000000000000000000000000000000000000000000000000000000000000000000000000000000000000 600000000000000000000000000000000000000000000000000000000000000000000000000000000000000000001000
300000000000000000000000000000000000000000000000000000000000000000000000000000000000000000000 300000000000000000000000000000000000000000000000000000000000000000000000000000000000000001000
800000000000000000000000000000000000000000000000000000000000000000000000000000000000000 800000000000000000000000000000000000000000000000000000000000000000000000000000000001000
50000000000000000000000000000000000000000000000000000000000000000000000000000 50000000000000000000000000000000000000000000000000000000000000000000000001000
10000000000000000000000000000000000000000000000000000000000000000000000000000 10000000000000000000000000000000000000000000000000000000000000000000000001000
60000000000 60000001000
800000000000000000000000000000000000000000000000000000000000000000000 800000000000000000000000000000000000000000000000000000000000000001000
1000000000000000000000000000000000000000000000000000000000000000000000000000000000000000000000 1000000000000000000000000000000000000000000000000000000000000000000000000000000000000000001000
900000000000000000000000000000000000000000000000000000000000000000000000000000000000000 900000000000000000000000000000000000000000000000000000000000000000000000000000000001000
50000000000000000000000000000000000000000000000000000000000000000000000 50000000000000000000000000000000000000000000000000000000000000000001000
20000000000000000000000000000000000000000000000000000000000000000000000 20000000000000000000000000000000000000000000000000000000000000000001000
900000000000000000000000000000000000000000000000000000000000000000000 900000000000000000000000000000000000000000000000000000000000000001000
7000000000000000000000 7000000000000000001000
40000000000000000000000000000000000000000000000000000000000 40000000000000000000000000000000000000000000000000000001000
500000000000000000000000000000000000000000000000000000000000000000000000000000 500000000000000000000000000000000000000000000000000000000000000000000000001000
4000000000000000000000000000000000 4000000000000000000000000000001000
40000000000000 40000000001000
50000000000 50000001000
9000000000000000000000000 9000000000000000000001000
800000000000000000000000000000000000000000000000 800000000000000000000000000000000000000000001000
900000000000000000000000000000000000000000000000000000000000000000000000000000000000000000000 900000000000000000000000000000000000000000000000000000000000000000000000000000000000000001000
2000000000000000000 2000000000000001000
2000000000000 2000000001000
500000000000000000000000000000000000000000000000000000000000000000000000000000000000 500000000000000000000000000000000000000000000000000000000000000000000000000000001000
400000000000000000000000000000 400000000000000000000000001000
100000000000000000000000000000000000000000000000000 100000000000000000000000000000000000000000000001000
2000000000000000000000000000000000000000 2000000000000000000000000000000000001000
200000000000000000000000000000000000000 200000000000000000000000000000000001000
100000000000000000000000000000 100000000000000000000000001000
50000000000000000000000000000000000000000000000000000000000000000000000000000000000000000000000000000 50000000000000000000000000000000000000000000000000000000000000000000000000000000000000000000000001000
400000000000000000000000000000000000 400000000000000000000000000000001000
9000000000000000000000000000000000000000 9000000000000000000000000000000000001000
200000000000000 200000000001000
2000000000000000000000000000000000000000000000000000000000000000000000000000000 2000000000000000000000000000000000000000000000000000000000000000000000000001000
400000000000000000000000000000 400000000000000000000000001000
9000000000000000000000000000000000000000000000000000000000000000000000000000000000000000000000000000 9000000000000000000000000000000000000000000000000000000000000000000000000000000000000000000000001000
100000000000000000000000000000000000000000000000000000000000000000000000 100000000000000000000000000000000000000000000000000000000000000000001000
40000000000000000000000000 40000000000000000000001000
60000000000000000000000000000000000000000000000000 60000000000000000000000000000000000000000000001000
500000000000000000000000000000000000000000000 500000000000000000000000000000000000000001000
900000000000000000000 900000000000000001000
100000000000 100000001000
200000000000000000000000000000000000000000000 200000000000000000000000000000000000000001000
7000000000000000 7000000000001000
4000000000000000 4000000000001000
300000000000000000000000000000000000000000000000000000000000000000000000000000000000000000 300000000000000000000000000000000000000000000000000000000000000000000000000000000000001000
400000000000000000000000000000000000000000000000000000 400000000000000000000000000000000000000000000000001000
50000000000000000000000000000000000000000000000000000 50000000000000000000000000000000000000000000000001000
30000000000000000000000000000000000000000000000000000000000000000000000 30000000000000000000000000000000000000000000000000000000000000000001000
200000000000000000000000000000000000000000000000000000000000000000000 200000000000000000000000000000000000000000000000000000000000000001000
7000000000000000000000000000000000000000000000000000000000000000000000000000000000000000000000000000 7000000000000000000000000000000000000000000000000000000000000000000000000000000000000000000000001000
300000000000000000000000000000000000000000000000000000000000000000000000 300000000000000000000000000000000000000000000000000000000000000000001000
4000000000000000000000000000000000000000000000000000000000000000000000000000000000000000 4000000000000000000000000000000000000000000000000000000000000000000000000000000000001000
6000000000000000000 6000000000000001000
300000000000000000000000000000000000000000000000000000000000000000000 300000000000000000000000000000000000000000000000000000000000000001000
90000000000000000000000000000000000000000000000000000000000000000000000000000000000000000 90000000000000000000000000000000000000000000000000000000000000000000000000000000000001000
700000000000000000000000000000000000000000000000000 700000000000000000000000000000000000000000000001000
4000000000000000000000000000000000000000000000000 4000000000000000000000000000000000000000000001000
20000000000000000000000000000000000000000000000000000000000000000000000 20000000000000000000000000000000000000000000000000000000000000000001000
5000000000000000000000000000000000000000000000000000000000000000000000000000000 5000000000000000000000000000000000000000000000000000000000000000000000000001000
90000000000000000000000000000000000000000000000000000000000000 90000000000000000000000000000000000000000000000000000000001000
700000000000000000000000000000000000000000000000000000000000000000000000000000 700000000000000000000000000000000000000000000000000000000000000000000000001000
60000000000000000000000000000000000000000000000000000000000000 60000000000000000000000000000000000000000000000000000000001000
90000000000000000000000000000000000000000000000000000000000000000 90000000000000000000000000000000000000000000000000000000000001000
500000000000000000000000000000000000000000000000000000000000000000000000000000000000000000000000000 500000000000000000000000000000000000000000000000000000000000000000000000000000000000000000000001000
80000000000 80000001000
3000000000000000000000000000000000000000000000000000000000000000000000000 3000000000000000000000000000000000000000000000000000000000000000000001000
6000000000000000000000000000000000000000000000000000000000000000000000000000000000000000000000000 6000000000000000000000000000000000000000000000000000000000000000000000000000000000000000000001000
4000000000000000000000000000000000000000000000000 4000000000000000000000000000000000000000000001000
100000000000000000000000000000000000000000000000 100000000000000000000000000000000000000000001000
20000000000000000000000000000000000000000000000000000000000000000000000000000000000000000 20000000000000000000000000000000000000000000000000000000000000000000000000000000000001000
300000000000000000000000000000000000000000000000000000000000000000000000000000000 300000000000000000000000000000000000000000000000000000000000000000000000000001000
7000000000000000000000000000000000000000000000000000000000000 7000000000000000000000000000000000000000000000000000000001000
20000000000000000000000000000000000000000000000000000000000000000000000000000000000000000000000 20000000000000000000000000000000000000000000000000000000000000000000000000000000000000000010000
30000000000000000000000000000000000000000000000000000000000000 30000000000000000000000000000000000000000000000000000000010000
40000000000000000000000000 40000000000000000000010000
100000000000000000000000000000000000000000000000000000000000000000000000000000000000000000000 100000000000000000000000000000000000000000000000000000000000000000000000000000000000000010000
9000000000000000000000000000000000000000000000000000 9000000000000000000000000000000000000000000000010000
100000000000000000000000 100000000000000000010000
70000000000000000000000000000000000000000000000000000000000000000000000000000000000000000000000000000 70000000000000000000000000000000000000000000000000000000000000000000000000000000000000000000000010000
600000000000000000000000000000000000000000000000000000000000000000000000000000000000000 600000000000000000000000000000000000000000000000000000000000000000000000000000000010000
70000000000000000000000000000000000000000000000000000000000000000000000000000000000000000000000 70000000000000000000000000000000000000000000000000000000000000000000000000000000000000000010000
6000000000000000000000000000000000000000000000000000000000000000000000000000000000000000000 6000000000000000000000000000000000000000000000000000000000000000000000000000000000000010000
20000000000000000000000000000000000000000000000000000000000000000000000000000000000000000 20000000000000000000000000000000000000000000000000000000000000000000000000000000000010000
5000000000000000000000000000000000 5000000000000000000000000000010000
90000000000000000000000000000000000000000000000000000000000000000000000 90000000000000000000000000000000000000000000000000000000000000000010000
80000000000000000000000000000000000000000000000000000000000000 80000000000000000000000000000000000000000000000000000000010000
7000000000000000 7000000000010000
90000000000000000000000000000000000000 90000000000000000000000000000000010000
9000000000000000000000000000000 9000000000000000000000000010000
300000000000000000000 300000000000000010000
10000000000000000000000000000000000000000000000000000000000 10000000000000000000000000000000000000000000000000000010000
9000000000000000000000000000000000000000000000000000000000000000000000000000000000000000 9000000000000000000000000000000000000000000000000000000000000000000000000000000000010000
90000000000000000000000000000000000000000000000000000000000000 90000000000000000000000000000000000000000000000000000000010000
90000000000000000000000000000000000000000000000000000000 90000000000000000000000000000000000000000000000000010000
500000000000000000000000000000000000000000 500000000000000000000000000000000000010000
200000000000000000000000000000000000000000000000000000000000000000000000000000000000 200000000000000000000000000000000000000000000000000000000000000000000000000000010000
1000000000000000000000000000000000000000000000000000000000000000000000000000000000000000000000000000 1000000000000000000000000000000000000000000000000000000000000000000000000000000000000000000000010000
4000000000000000000000000000000 4000000000000000000000000010000
800000000000000000000000000000000000000000000000000000000000000000000000000 800000000000000000000000000000000000000000000000000000000000000000000010000
500000000000000 500000000010000
10000000000000000000000000000000000000000000000000000000000000000000000 10000000000000000000000000000000000000000000000000000000000000000010000
2000000000000000000000000000000000000000000000000000000000000000000000000000000000000000 2000000000000000000000000000000000000000000000000000000000000000000000000000000000010000
9000000000000000000000000000000000000 9000000000000000000000000000000010000
8000000000000000000000000000000000000000000000000000000000000 8000000000000000000000000000000000000000000000000000000010000
200000000000000000000000000000000000000000000000000000000000000000 200000000000000000000000000000000000000000000000000000000000010000
6000000000000000000000000000000000000000000000000000000000000000000000000000000000 6000000000000000000000000000000000000000000000000000000000000000000000000000010000
3000000000000000000000000000000000000000000000000000000000000000000000000000000000000000000000 3000000000000000000000000000000000000000000000000000000000000000000000000000000000000000010000
3000000000000000000000000000000000000000000000000000000000000000000000000000000000000000 3000000000000000000000000000000000000000000000000000000000000000000000000000000000010000
200000000000000000000000000000000000000000000000000000000 200000000000000000000000000000000000000000000000000010000
7000000000000000000000000000000000000000000000000000000000000000000000000000 7000000000000000000000000000000000000000000000000000000000000000000000010000
60000000000000000000000000000000000000000000000000000000000000000000000 60000000000000000000000000000000000000000000000000000000000000000010000
5000000000000000000000000000000 5000000000000000000000000010000
700000000000000000000000000000000000000000000000000000000000000000000000000000 700000000000000000000000000000000000000000000000000000000000000000000000010000
40000000000000000 40000000000010000
7000000000000 7000000010000
50000000000 50000010000
600000000000000000000000000000000000000000000000000000000 600000000000000000000000000000000000000000000000000010000
2000000000000000000000000000000000000000000000000000000000000000000000000000000000000000 2000000000000000000000000000000000000000000000000000000000000000000000000000000000010000
40000000000000000000000000000000000000000 40000000000000000000000000000000000010000
90000000000000000000000000000000000000000000000000000000000000000000000000 90000000000000000000000000000000000000000000000000000000000000000000010000
10000000000000000000000000000000000 10000000000000000000000000000010000
700000000000000000000000000000000000000000000000000000000000000000000000000000000000000 700000000000000000000000000000000000000000000000000000000000000000000000000000000010000
400000000000000000 400000000000010000
30000000000000000000000000000000000000000000000000000 30000000000000000000000000000000000000000000000010000
100000000000000000000000000000 100000000000000000000000010000
5000000000000000000000000000000000000000000000000000000 5000000000000000000000000000000000000000000000000010000
70000000000000000 70000000000010000
600000000000000000000000000000000000 600000000000000000000000000000010000
30000000000000000000000000000000000000000000000000000000000000000000000000 30000000000000000000000000000000000000000000000000000000000000000000010000
800000000000000000000000000000000000000000000000000000000 800000000000000000000000000000000000000000000000000010000
1000000000000000000000000000000000000000000000000000000000 1000000000000000000000000000000000000000000000000000010000
40000000000000000000000000000000000000000000000000000000000000000000 40000000000000000000000000000000000000000000000000000000000000010000
10000000000000000000000 10000000000000000010000
700000000000000 700000000010000
5000000000000000000000000000000000000000000000000000000000 5000000000000000000000000000000000000000000000000000010000
50000000000000000000000 50000000000000000010000
70000000000000000000000000000000000000000000000000000000000000 70000000000000000000000000000000000000000000000000000000010000
50000000000000000000000000000000000000000000000000000000000000000000000 50000000000000000000000000000000000000000000000000000000000000000010000
8000000000000000000000000000000000000000000000000000000000000000000 8000000000000000000000000000000000000000000000000000000000000010000
1000000000000000000000000000000000000000000000000000000000000000000000000000000000000 1000000000000000000000000000000000000000000000000000000000000000000000000000000010000
800000000000000000000000000000000000000000000000000000 800000000000000000000000000000000000000000000000010000
8000000000000000000000000000000000000000000000000000000000000000000 8000000000000000000000000000000000000000000000000000000000000010000
70000000000000 70000000010000
700000000000000000000000 700000000000000000010000
20000000000 20000010000
600000000000000000000000000000000000000000000000 600000000000000000000000000000000000000000010000
2000000000000000000000000000000000000000000000000000000000000000000000 2000000000000000000000000000000000000000000000000000000000000000010000
900000000000000000000000000000000000000000000000000000000 900000000000000000000000000000000000000000000000000010000
80000000000000000000000000000000000000000000000000000000000000000000000000000000000000000000 80000000000000000000000000000000000000000000000000000000000000000000000000000000000000010000
200000000000000000000000000000000000000000000000000000000000000000000000 200000000000000000000000000000000000000000000000000000000000000000010000
30000000000000000000000 30000000000000000010000
60000000000000000000000000000000000000000000000000 60000000000000000000000000000000000000000000010000
30000000000000000000000000000000000000000000000000000000000000000000000000000000000000000000000 30000000000000000000000000000000000000000000000000000000000000000000000000000000000000000010000
5000000000000000000000000000000000000000 5000000000000000000000000000000000010000
70000000000 70000010000
200000000000000000000000000000000000000000000000000000000000000000000000000000000000000000000000000 200000000000000000000000000000000000000000000000000000000000000000000000000000000000000000000010000
30000000000000000000000000000000 30000000000000000000000000010000
900000000000000000000000000000000000000000000000000000000000000000000000000000000000000000000 900000000000000000000000000000000000000000000000000000000000000000000000000000000000000010000
7000000000000000000000 7000000000000000010000
70000000000000000000000000000000000000000000000000000000000000000000000000000000000 70000000000000000000000000000000000000000000000000000000000000000000000000000010000
900000000000000000000000000000000000000000000000000000000000000000 900000000000000000000000000000000000000000000000000000000000010000
20000000000000000000000000000000000000000000000000000000000 20000000000000000000000000000000000000000000000000000010000
4000000000000000000000 4000000000000000010000
1000000000000000000000000000000000000000000000000000000000000000000 1000000000000000000000000000000000000000000000000000000000000010000
50000000000000000000000 50000000000000000010000
8000000000000000000000000000000000000000000 8000000000000000000000000000000000000010000
30000000000000000000000000000000000000000000000000000000000 30000000000000000000000000000000000000000000000000000010000
30000000000000000000000000000000000000000000000000000000 30000000000000000000000000000000000000000000000000010000
40000000000000000000000000 40000000000000000000010000
90000000000000000000000000000000000000000000000 90000000000000000000000000000000000000000010000
300000000000000000000000000000000000000000000000000000000000000000000000000000000000000000 300000000000000000000000000000000000000000000000000000000000000000000000000000000000010000
10000000000000000000000000000000000000000 10000000000000000000000000000000000010000
200000000000000000000000000000000000000000000000000000000 200000000000000000000000000000000000000000000000000100000
20000000000000000000000000000000000000000000000000 20000000000000000000000000000000000000000000100000
300000000000000000000000000000000000000000000000000000000000000000000000000000000000000000000000000 300000000000000000000000000000000000000000000000000000000000000000000000000000000000000000000100000
30000000000000000000000000000000000000 30000000000000000000000000000000100000
5000000000000000000000000000000000000000000000000000000000000000000000000000000 5000000000000000000000000000000000000000000000000000000000000000000000000100000
80000000000000000000000000000000000000000000000000000000000000000000000000000000000000 80000000000000000000000000000000000000000000000000000000000000000000000000000000100000
2000000000000000000000000000000000000000000000000000000 2000000000000000000000000000000000000000000000000100000
200000000000000000000000000 200000000000000000000100000
300000000000000000000000000000000000000000000000000000000000000000000000000000000000000000000 300000000000000000000000000000000000000000000000000000000000000000000000000000000000000100000
600000000000000000000000000000000000000000000000000000000000000 600000000000000000000000000000000000000000000000000000000100000
800000000000000000000000000000000000000000000000000000000000 800000000000000000000000000000000000000000000000000000100000
50000000000000000000000000000000000000 50000000000000000000000000000000100000
800000000000000000000000000000000000000000000 800000000000000000000000000000000000000100000
5000000000000000000000000000000000000000000000000 5000000000000000000000000000000000000000000100000
200000000000000 200000000100000
70000000000000000000000000000000000000000000 70000000000000000000000000000000000000100000
1000000000000000000000000000000000000000000000000000000000000000000000 1000000000000000000000000000000000000000000000000000000000000000100000
500000000000000 500000000100000
600000000000000000000000000000000000000000000000000000000000000000000000000000000000 600000000000000000000000000000000000000000000000000000000000000000000000000000100000
3000000000000000000000000000000000000000000000000000000000000000000 3000000000000000000000000000000000000000000000000000000000000100000
400000000000000 400000000100000
5000000000000000000000000000000000000000000000000000000000 5000000000000000000000000000000000000000000000000000100000
400000000000000000000000000000000000000000000000000000000000000000000 400000000000000000000000000000000000000000000000000000000000000100000
5000000000000000000000000000000000000000000 5000000000000000000000000000000000000100000
90000000000000000000000000000000000000000000000000000000000000000000000000000000000000000000000 90000000000000000000000000000000000000000000000000000000000000000000000000000000000000000100000
100000000000000000000000000000000000000 100000000000000000000000000000000100000
7000000000000000000000000000000000000000000000000000000000000000000000000000000000000000000000000 7000000000000000000000000000000000000000000000000000000000000000000000000000000000000000000100000
4000000000000000000000000000 4000000000000000000000100000
40000000000000000000000000000000000000000000000000000000000000000000000000000000000000 40000000000000000000000000000000000000000000000000000000000000000000000000000000100000
700000000000000000000000000000 700000000000000000000000100000
2000000000000000000000000000000000000000000000000000000000000000000000000000000000 2000000000000000000000000000000000000000000000000000000000000000000000000000100000
70000000000000000 70000000000100000
40000000000000000000000000000000000000 40000000000000000000000000000000100000
700000000000000000000000000000000000000000 700000000000000000000000000000000000100000
10000000000000000000000000000000000000000000000000000000000000000000000000000 10000000000000000000000000000000000000000000000000000000000000000000000100000
10000000000000000000000000000000000000000000000000000000000000000000000000000000000000000000 10000000000000000000000000000000000000000000000000000000000000000000000000000000000000100000
1000000000000000000000000000000000000000000000000000000000000000000000000000 1000000000000000000000000000000000000000000000000000000000000000000000100000
90000000000000000000000000000000000000 90000000000000000000000000000000100000
1000000000000000000000000000000000000000000000000000000000000000000000000000000000000000000000000000 1000000000000000000000000000000000000000000000000000000000000000000000000000000000000000000000100000
4000000000000000000000000000000000000000000000000000000000000000000000 4000000000000000000000000000000000000000000000000000000000000000100000
4000000000000000 4000000000100000
800000000000000000000000000000000000000000000000000000000000000000000000000000000000000000000 800000000000000000000000000000000000000000000000000000000000000000000000000000000000000100000
6000000000000000000000000000000000000000000 6000000000000000000000000000000000000100000
800000000000000000000000000000000000000000000000000000000 800000000000000000000000000000000000000000000000000100000
60000000000000000000000000000000 60000000000000000000000000100000
30000000000000000000000000000000000000000000000000000000000000000000000000000000000000 30000000000000000000000000000000000000000000000000000000000000000000000000000000100000
5000000000000000000000000000000000000 5000000000000000000000000000000100000
6000000000000000000000000000000000000000000000000 6000000000000000000000000000000000000000000100000
6000000000000000000000000000000000000000000000000000000000000000000000000000000000000000000000000000 6000000000000000000000000000000000000000000000000000000000000000000000000000000000000000000000100000
60000000000000000 60000000000100000
90000000000000000000000000000000000 90000000000000000000000000000100000
500000000000000000000000000000000000000000000000000000000000000000000000000000000000000000000000 500000000000000000000000000000000000000000000000000000000000000000000000000000000000000000100000
900000000000000000000000000000000000000000000000000000000000000000000000000000 900000000000000000000000000000000000000000000000000000000000000000000000100000
7000000000000000000000000000000000 7000000000000000000000000000100000
80000000000000000000000000000000000000000000000000000000000000000000000000000000000000000000000000000 80000000000000000000000000000000000000000000000000000000000000000000000000000000000000000000000100000
20000000000000000000000000000000000000000000000000000000 20000000000000000000000000000000000000000000000000100000
30000000000000000000000000000000000000000000000000000000000000000000000000000 30000000000000000000000000000000000000000000000000000000000000000000000100000
60000000000000000000000000000000000000000000000000000000000000000000000000000000000000 60000000000000000000000000000000000000000000000000000000000000000000000000000000100000
9000000000000000 9000000000100000
200000000000000000000000000000000000000000000000000000000000000000000000000000000000 200000000000000000000000000000000000000000000000000000000000000000000000000000100000
7000000000000000000000000000000000000000000000000000000000000000000000 7000000000000000000000000000000000000000000000000000000000000000100000
6000000000000000000000000000000000000000000000 6000000000000000000000000000000000000000100000
900000000000000000000000000000000000000000000000000000000000000000000000 900000000000000000000000000000000000000000000000000000000000000000100000
300000000000 300000100000
60000000000000000000000000000000000000000000000000000000000 60000000000000000000000000000000000000000000000000000100000
400000000000000000000000000000000000000000000000000000000 400000000000000000000000000000000000000000000000000100000
2000000000000000000000000000000 2000000000000000000000000100000
10000000000000000000000000000 10000000000000000000000100000
300000000000000000000000000000000000000000000000000000000000000000000000000000000000000 300000000000000000000000000000000000000000000000000000000000000000000000000000000100000
5000000000000000000000000000000 5000000000000000000000000100000
90000000000000000000000000000000000000000000000000000000000 90000000000000000000000000000000000000000000000000000100000
40000000000000000000000000000000000000000000000000000000000000000000000000000000000000000000000000 40000000000000000000000000000000000000000000000000000000000000000000000000000000000000000000100000
1000000000000000000000000000000000000000000000000000000000000000000000000000000000000000000000000000 1000000000000000000000000000000000000000000000000000000000000000000000000000000000000000000000100000
50000000000000000000000000000000000000000000000000000000000000000 50000000000000000000000000000000000000000000000000000000000100000
7000000000000000000000000 7000000000000000000100000
500000000000000000000000000000000000000000000000000000000000000000000000000000000000000000000000000 500000000000000000000000000000000000000000000000000000000000000000000000000000000000000000000100000
5000000000000000000000000000000000000000000000000000 5000000000000000000000000000000000000000000000100000
80000000000000000000000000000000000 80000000000000000000000000000100000
4000000000000000000000000000000000000000000000000000000000000000000000 4000000000000000000000000000000000000000000000000000000000000000100000
2000000000000000000000000000000000000000000000000000000000000000000000000000000000000 2000000000000000000000000000000000000000000000000000000000000000000000000000000100000
80000000000000000000000000000000000000000000000000000000000000000000 80000000000000000000000000000000000000000000000000000000000000100000
70000000000000000000000000000000000000000000000000000 70000000000000000000000000000000000000000000000100000
7000000000000000 7000000000100000
5000000000000000000000000000000000000000000000000000000000000000000000000000000000000 5000000000000000000000000000000000000000000000000000000000000000000000000000000100000
800000000000000000000000000000000000000000000000000000000000000000000000000000 800000000000000000000000000000000000000000000000000000000000000000000000100000
700000000000000 700000000100000
10000000000 10000100000
6000000000000000000 6000000000000100000
4000000000000000000000000000000000000000000000000000000000000000000000000000000000000000000000000 4000000000000000000000000000000000000000000000000000000000000000000000000000000000000000000100000
60000000000000000000000000000000000000000000000 60000000000000000000000000000000000000000100000
60000000000000000 60000000000100000
3000000000000000000000000000000000000000000000000000000000000000000000000000000 3000000000000000000000000000000000000000000000000000000000000000000000000100000
500000000000000000000000000000000000000000000000000000000000000 500000000000000000000000000000000000000000000000000000000100000
80000000000000000 80000000000100000
600000000000000000000000000000000000000000000000000000000000000000000000000000000000000000000000000 600000000000000000000000000000000000000000000000000000000000000000000000000000000000000000000100000
500000000000000000000000000000000000000000000000000000000000000000000000000000000000000 500000000000000000000000000000000000000000000000000000000000000000000000000000000100000
80000000000000000000000000000000000000000000000000000000000000000000000000000000000000000000000000 80000000000000000000000000000000000000000000000000000000000000000000000000000000000000000000100000
10000000000000000000000000000000000000000000000000000000000000000000000000000000000000000000 10000000000000000000000000000000000000000000000000000000000000000000000000000000000000100000
30000000000000000000000 30000000000000000100000
50000000000000000000000000000000000000 50000000000000000000000000000000100000
7000000000000000000000 7000000000000001000000
500000000000000000000 500000000000001000000
6000000000000000000000000000000000000000000000000000000000000000000000000000000000000000000000 6000000000000000000000000000000000000000000000000000000000000000000000000000000000000001000000
8000000000000000 8000000001000000
6000000000000000000000000000000000000000000000000000000000000000000000 6000000000000000000000000000000000000000000000000000000000000001000000
80000000000000000000000 80000000000000001000000
50000000000000000000000000000000000000000000000000000 50000000000000000000000000000000000000000000001000000
90000000000000000000000000000000000000000000000000000000000000000000000000000000000000000000000000 90000000000000000000000000000000000000000000000000000000000000000000000000000000000000000001000000
20000000000000000 20000000001000000
50000000000000000000000000000000000000 50000000000000000000000000000001000000
20000000000000000000000000000000000000000000000000000000000000000000000000000 20000000000000000000000000000000000000000000000000000000000000000000001000000
6000000000000000000000000000000000000000000000000000000000000000000000000000000000000000000000000000 6000000000000000000000000000000000000000000000000000000000000000000000000000000000000000000001000000
30000000000000000000000000000000000000000000000000000000000000000000000000000000000000000000000000 30000000000000000000000000000000000000000000000000000000000000000000000000000000000000000001000000
2000000000000000000000000000000000000000000000000000000000000000000000000000000000 2000000000000000000000000000000000000000000000000000000000000000000000000001000000
60000000000000000000000000000000000 60000000000000000000000000001000000
70000000000000000000000000000000000000000000000000000000000000000000000000000000 70000000000000000000000000000000000000000000000000000000000000000000000001000000
2000000000000000000000000000000 2000000000000000000000001000000
800000000000000000000000000000000000000000000000000000000000000000000000000000000000 800000000000000000000000000000000000000000000000000000000000000000000000000001000000
5000000000000000000000000000000000000000000000000000000000 5000000000000000000000000000000000000000000000000001000000
3000000000000000000000000000 3000000000000000000001000000
5000000000000000000000000000000000 5000000000000000000000000001000000
600000000000 600001000000
900000000000000000000000000000000000000000000000 900000000000000000000000000000000000000001000000
30000000000000000000000000000000000000000000000000000000000000000000000000000000000 30000000000000000000000000000000000000000000000000000000000000000000000000001000000
7000000000000000000000000000000000000000000000000000000000000000000000 7000000000000000000000000000000000000000000000000000000000000001000000
30000000000000000000000000000000000000000000000000000 30000000000000000000000000000000000000000000001000000
60000000000000000000000000000000000000000000000000000000000 60000000000000000000000000000000000000000000000000001000000
200000000000000000000000000 200000000000000000001000000
10000000000000000000 10000000000001000000
30000000000000000000000000000000000 30000000000000000000000000001000000
1000000000000000000000000000000000000000000000000000000000000 1000000000000000000000000000000000000000000000000000001000000
40000000000000000000000000 40000000000000000001000000
7000000000000000000000000000000000 7000000000000000000000000001000000
100000000000000000000000000000000000000000000000000000000000000000000000000000000 100000000000000000000000000000000000000000000000000000000000000000000000001000000
2000000000000000000000000000 2000000000000000000001000000
7000000000000000000000000000000000000000000000000000000000000000000000000000 7000000000000000000000000000000000000000000000000000000000000000000001000000
10000000000000000000000000000000000000000000000000000 10000000000000000000000000000000000000000000001000000
400000000000000000000000000000000000000000000000000000000000000000000 400000000000000000000000000000000000000000000000000000000000001000000
10000000000000000000000000000000000000000000000000000000000000000000 10000000000000000000000000000000000000000000000000000000000001000000
20000000000000000000000000000000000000000000000000000000000000000000000000000000000000000000 20000000000000000000000000000000000000000000000000000000000000000000000000000000000001000000
4000000000000000000000000000000000000000000000000000000 4000000000000000000000000000000000000000000000001000000
100000000000 100001000000
4000000000000000000000000000000000000000000000000 4000000000000000000000000000000000000000001000000
4000000000000000000000000000000000000000000000000000000000000000000000000000000000 4000000000000000000000000000000000000000000000000000000000000000000000000001000000
20000000000000000000000000000000000000000000000000000000000000000000000000000000 20000000000000000000000000000000000000000000000000000000000000000000000001000000
20000000000000000000000000000000000000000000000000000000000000000000000000000000 20000000000000000000000000000000000000000000000000000000000000000000000001000000
300000000000000 300000001000000
3000000000000000000000000000000000000000000000000000000000000000000000000000000000000000 3000000000000000000000000000000000000000000000000000000000000000000000000000000001000000
7000000000000000000000000 7000000000000000001000000
800000000000000000000000000000000000000000000000000000000000000000000 800000000000000000000000000000000000000000000000000000000000001000000
90000000000000000000000000000000000000000 90000000000000000000000000000000001000000
10000000000000000000000000000000000000000000000000000000000000000000000000000000000 10000000000000000000000000000000000000000000000000000000000000000000000000001000000
300000000000000000000000000000 300000000000000000000001000000
80000000000000000000000000000000000000000000000000000000000000000000000000000000000000000 80000000000000000000000000000000000000000000000000000000000000000000000000000000001000000
30000000000000000000000000000000000000000000000000000000000000000000000000000000000000000000 30000000000000000000000000000000000000000000000000000000000000000000000000000000000001000000
3000000000000000000000000000000000000000000000000000000000000000000000000 3000000000000000000000000000000000000000000000000000000000000000001000000
4000000000000000000000000000000000000000000000000000000000000 4000000000000000000000000000000000000000000000000000001000000
800000000000000000000000000000000000000000000000000 800000000000000000000000000000000000000000001000000
400000000000000000000000000000 400000000000000000000001000000
5000000000000000000000 5000000000000001000000
4000000000000000000000000000000000000000000000000000000000000000000000000000000 4000000000000000000000000000000000000000000000000000000000000000000000001000000
300000000000000000000000000000000000000000000000000000000000 300000000000000000000000000000000000000000000000000001000000
30000000000 30001000000
500000000000000000 500000000001000000
9000000000000000000000000000000000000000000000000000000000000000000000000000 9000000000000000000000000000000000000000000000000000000000000000000001000000
200000000000000000000000000000000000000000000000000000000000000000000000000000000000000000000000 200000000000000000000000000000000000000000000000000000000000000000000000000000000000000001000000
90000000000000000000000000000000000000000000000000000000000000000000000000000000000000000000 90000000000000000000000000000000000000000000000000000000000000000000000000000000000001000000
100000000000000000000000000000000000000000000000000000000000000000000000000000 100000000000000000000000000000000000000000000000000000000000000000000001000000
40000000000000000000000000000000000000000 40000000000000000000000000000000001000000
600000000000000000000000000000 600000000000000000000001000000
500000000000000000000000000000000000000000000000000000000000000000000000 500000000000000000000000000000000000000000000000000000000000000001000000
500000000000000000000000000000000000000000000000000000000000000000000000000000000000 500000000000000000000000000000000000000000000000000000000000000000000000000001000000
8000000000000000000000000000000 8000000000000000000000001000000
40000000000000000 40000000001000000
4000000000000 4000001000000
7000000000000000000000000000000000 7000000000000000000000000001000000
1000000000000000000000000000000000000000000000000000000000000000000000000000000000000000000 1000000000000000000000000000000000000000000000000000000000000000000000000000000000001000000
200000000000000000000000000000000000000000000000000000000 200000000000000000000000000000000000000000000000001000000
600000000000000000000000000000000000000000000000000000000000000000000000000000000 600000000000000000000000000000000000000000000000000000000000000000000000001000000
2000000000000000000000000000000000000000000000 2000000000000000000000000000000000000001000000
7000000000000000000000000000000000000000000000000000000000000000000000000000000000000000000 7000000000000000000000000000000000000000000000000000000000000000000000000000000000001000000
3000000000000000000000000000000000 3000000000000000000000000001000000
70000000000000000000000000000000000000000000000000000000000000 70000000000000000000000000000000000000000000000000000001000000
200000000000000000000000000000000000000000000000000000000000000000000000000 200000000000000000000000000000000000000000000000000000000000000000001000000
800000000000000000000000000000000000000 800000000000000000000000000000001000000
600000000000000000000000000000000000000000000000000000000000000000000000000000000000000000000 600000000000000000000000000000000000000000000000000000000000000000000000000000000000001000000
40000000000000000000000000 40000000000000000001000000
800000000000000000000000000000000000 800000000000000000000000000001000000
6000000000000000000000000000000000000000000000000000000000 6000000000000000000000000000000000000000000000000001000000
80000000000000000000000000000000000 80000000000000000000000000001000000
10000000000000000000000000000000000000000000000000000000000000000000000000 10000000000000000000000000000000000000000000000000000000000000000001000000
50000000000000000000000000000000000000000000000000000000000000000000000000000 50000000000000000000000000000000000000000000000000000000000000000000001000000
1000000000000000000000000000000000000000000 1000000000000000000000000000000000001000000
800000000000000000000000000000000000000000000000000000000000000000000000000000000 800000000000000000000000000000000000000000000000000000000000000000000000001000000
2000000000000000000000000000000000000000000000000000 2000000000000000000000000000000000000000000001000000
4000000000000000000000000000000000000000000000000000000000000000000000000000000000000000000000000 4000000000000000000000000000000000000000000000000000000000000000000000000000000000000000001000000
3000000000000000000000000000000000000000000000000 3000000000000000000000000000000000000000001000000
80000000000000000000000000000000000000000000000000000000000000 80000000000000000000000000000000000000000000000000000001000000
3000000000000000000000000000000000000000000000000000000000000000000000000 3000000000000000000000000000000000000000000000000000000000000000001000000
30000000000000000000000000000000000000000000000000000000000000000000000000000000000000000 30000000000000000000000000000000000000000000000000000000000000000000000000000000001000000
