8000000000000 8000001000000
800000000000000000000000000000000000000000000000000000000000000000000000000000000000000 800000000000000000000000000000000000000000000000000000000000000000000000000000001000000
10000000000000000000000000000000000000000000000000000000 10000000000000000000000000000000000000000000000001000000
6000000000000000000000000000000000000000000 6000000000000000000000000000000000001000000
400000000000000000000000000000000000000000000000000 400000000000000000000000000000000000000000001000000
300000000000000000000000000000000000000000000000000000000000000000000 300000000000000000000000000000000000000000000000000000000000001000000
8000000000000000000000000000000000000000000000 8000000000000000000000000000000000000001000000
200000000000000000000000000000000000000 200000000000000000000000000000001000000
700000000000000000000000000000000000000000000000000000000000000000000000000000000000000000000 700000000000000000000000000000000000000000000000000000000000000000000000000000000000001000000
5000000000000000000000000000000000000000000000000000000000000000000000000000 5000000000000000000000000000000000000000000000000000000000000000000001000000
80000000000000000000000000000000000000000000000000000000000000000000000000000000000000 80000000000000000000000000000000000000000000000000000000000000000000000000000001000000
7000000000000000000000000000000 7000000000000000000000001000000
6000000000000000000000000000000000000000000000000000000000000000000000000000000000000000 6000000000000000000000000000000000000000000000000000000000000000000000000000000001000000
30000000000000000000000000000000000000000000000000000000000000000000000000000000 30000000000000000000000000000000000000000000000000000000000000000000000001000000
40000000000000 40000001000000
1000000000000000000000000000000000000 1000000000000000000000000000001000000
80000000000000 80000001000000
100000000000000000000000000000000000000000000000000000000000000000000000000000 100000000000000000000000000000000000000000000000000000000000000000000001000000
4000000000000000000000000000000000000000000000000000000000000000000000000000 4000000000000000000000000000000000000000000000000000000000000000000001000000
6000000000000000000 6000000000001000000
4000000000000000000000000000000000000000 4000000000000000000000000000000001000000
7000000000000000000000000000000000000 7000000000000000000000000000001000000
7000000000000000000000000000 7000000000000000000001000000
70000000000000000000000000000000000000000000000000000000 70000000000000000000000000000000000000000000000001000000
800000000000000000000000000000000000000000000000000000000000000000000000 800000000000000000000000000000000000000000000000000000000000000001000000
40000000000000000000000000000000 40000000000000000000000001000000
70000000000000000000000000000000000000000000000000000000000 70000000000000000000000000000000000000000000000000001000000
2000000000000000000000000000000000000000000000000000 2000000000000000000000000000000000000000000001000000
6000000000000000000000000000000000000000000000000000000000000000000000000000000000000 6000000000000000000000000000000000000000000000000000000000000000000000000000001000000
10000000000000000000000000000000000000000000000000000000000000000000000000000000000000 10000000000000000000000000000000000000000000000000000000000000000000000000000001000000
200000000000000000000000000000000000000000000000000000000 200000000000000000000000000000000000000000000000001000000
80000000000000000000000000000000000000000 80000000000000000000000000000000001000000
600000000000000000000000000000000000000000000000000000000000000000000000000000000000000 600000000000000000000000000000000000000000000000000000000000000000000000000000001000000
1000000000000 1000001000000
90000000000000000000000000000 90000000000000000000001000000
600000000000000000000000000000000000000000000000000000000000000000000000000000000000000000000000 600000000000000000000000000000000000000000000000000000000000000000000000000000000000000001000000
800000000000000000000000 800000000000000001000000
80000000000000000000000000000000000000000000 80000000000000000000000000000000000001000000
30000000000 30001000000
700000000000000000000000000000000000000000000000000000000000000000000000000000 700000000000000000000000000000000000000000000000000000000000000000000001000000
1000000000000000000 1000000000001000000
5000000000000000000000000000000000000000000000000000000000000000000 5000000000000000000000000000000000000000000000000000000000001000000
6000000000000000000000000000 6000000000000000000001000000
200000000000000000000000000000000000000000000000000000000000000000000000000000000 200000000000000000000000000000000000000000000000000000000000000000000000001000000
100000000000000000000000000000000000000 100000000000000000000000000000001000000
700000000000000000000000000000000000000000000000000000000000000000000000000000000000000 700000000000000000000000000000000000000000000000000000000000000000000000000000001000000
8000000000000000000000000000000000000000000000000 8000000000000000000000000000000000000000001000000
500000000000000000000000000000000000000000000000000000000000000000 500000000000000000000000000000000000000000000000000000000001000000
9000000000000000000 9000000000001000000
90000000000000000000000000000000000000000000000000000000000000000000000000000000000000000000000000 90000000000000000000000000000000000000000000000000000000000000000000000000000000000000000001000000
40000000000 40001000000
70000000000000000000000000000000000000000000000000000000 70000000000000000000000000000000000000000000000001000000
900000000000000000000000000000000000000000000000000000000000000000000000 900000000000000000000000000000000000000000000000000000000000000001000000
30000000000000000000000000000000000000000000000000000000000000000000000000000000000000000000 30000000000000000000000000000000000000000000000000000000000000000000000000000000000001000000
70000000000000000000000000000000000000000000000000000000000000000000000000000 70000000000000000000000000000000000000000000000000000000000000000000001000000
50000000000 50001000000
10000000000000000000000000000000000000000000000000000000000000000 10000000000000000000000000000000000000000000000000000000001000000
9000000000000000000000000000000000000000000000000000000000000000000000000000000000 9000000000000000000000000000000000000000000000000000000000000000000000000001000000
60000000000000000000000000000000000000000000000000000000000000000000000000000 60000000000000000000000000000000000000000000000000000000000000000000001000000
200000000000000000000000000000 200000000000000000000001000000
30000000000000000000000000000000000 30000000000000000000000000001000000
70000000000000000000000000000000000000000000000000000000000000000000000000000000000000000000 70000000000000000000000000000000000000000000000000000000000000000000000000000000000001000000
9000000000000000000000000000000000000000000000000000000000000000000000000000000000 9000000000000000000000000000000000000000000000000000000000000000000000000001000000
40000000000000000000000000000000000000000000000000000000000000000000000000000000000000 40000000000000000000000000000000000000000000000000000000000000000000000000000001000000
2000000000000000000000000000000000000000000000000000000000000000 2000000000000000000000000000000000000000000000000000000001000000
400000000000000000000 400000000000001000000
5000000000000000000000000000000000000000000000000000000 5000000000000000000000000000000000000000000000001000000
10000000000000000000000000000000000 10000000000000000000000000001000000
200000000000000000000000000000000000000000000000000000000000000000000000000000000000000000000000000 200000000000000000000000000000000000000000000000000000000000000000000000000000000000000000001000000
900000000000000000000000000000000000000000000000000000000000000000000000000 900000000000000000000000000000000000000000000000000000000000000000001000000
8000000000000 8000001000000
5000000000000000000000000000000000000000000000000000000000000 5000000000000000000000000000000000000000000000000000001000000
6000000000000000000000000000000000000000000000000000000000000 6000000000000000000000000000000000000000000000000000001000000
80000000000000000000000000000000000000000000000000000000000 80000000000000000000000000000000000000000000000000001000000
50000000000000000000000000000000000000000000000000000000000000000000000000000000000 50000000000000000000000000000000000000000000000000000000000000000000000000001000000
100000000000000000000000000000000000000000000000000000000000 100000000000000000000000000000000000000000000000000001000000
9000000000000000000000000000000000000000 9000000000000000000000000000000001000000
300000000000000000000000000000000000000000000000000000 300000000000000000000000000000000000000000000001000000
70000000000000000000 70000000000001000000
90000000000000000000000000000000000000000000000000000000000000000 90000000000000000000000000000000000000000000000000000000001000000
4000000000000000000000000000000000000000000000000000000000000000000000000000000000000000000000000 4000000000000000000000000000000000000000000000000000000000000000000000000000000000000000001000000
300000000000000000000000000000000000000000000000000000000000000000000000000000 300000000000000000000000000000000000000000000000000000000000000000000001000000
200000000000000000000000 200000000000000001000000
200000000000000 200000001000000
40000000000000000000000000000000000000000000000000000000 40000000000000000000000000000000000000000000000001000000
100000000000000000000000000000000000000000000000000000000000000 100000000000000000000000000000000000000000000000000000001000000
100000000000000000000000000000000000000000000000000000000000000000000000000000 100000000000000000000000000000000000000000000000000000000000000000000001000000
30000000000 30001000000
80000000000000000000000000000000000000000000000000000000000000000000000000000000000 80000000000000000000000000000000000000000000000000000000000000000000000000001000000
400000000000000000000000000000000000000000000000000000000000000000000000 400000000000000000000000000000000000000000000000000000000000000001000000
100000000000000000000000000000000000000 100000000000000000000000000000001000000
800000000000000000000000 800000000000000001000000
50000000000000000000000000000000000000000000000000000000000000000000000000000000000000000 50000000000000000000000000000000000000000000000000000000000000000000000000000000001000000
8000000000000 8000001000000
60000000000000000000000000000000000000000000000000000000000000 60000000000000000000000000000000000000000000000000000001000000
20000000000000000000000000000000000000000000000000000000000000000000000000000000000000 20000000000000000000000000000000000000000000000000000000000000000000000000000001000000
800000000000000000000000000000000000000000000000000000000000000000000000000000000000000000 800000000000000000000000000000000000000000000000000000000000000000000000000000000001000000
200000000000000000000000000 200000000000000000001000000
20000000000000000000000000000000000000000000000000000000000000000000000000 20000000000000000000000000000000000000000000000000000000000000000001000000
5000000000000000000000000000000000000000000000000000000000000 5000000000000000000000000000000000000000000000000000001000000
60000000000000000000 60000000000001000000
20000000000000000000000000000 20000000000000000000001000000
70000000000000000000000000000000000000000000000000000000000000000000000 70000000000000000000000000000000000000000000000000000000000000001000000
800000000000000000000000000000000000000000000000000000000000000000000000000000000000000000 800000000000000000000000000000000000000000000000000000000000000000000000000000000001000000
200000000000000000000000000000000000000000000000000000000000 200000000000000000000000000000000000000000000000000001000000
900000000000000000000 900000000000001000000
300000000000000000000000000000000000000000000000000000000000000000000000000000000000 300000000000000000000000000000000000000000000000000000000000000000000000000001000000
300000000000000000000000000000000000000000000000000000000000000000000000000 300000000000000000000000000000000000000000000000000000000000000000001000000
2000000000000000000000000000000000000000000000000000000 2000000000000000000000000000000000000000000000001000000
4000000000000000000000000000000 4000000000000000000000001000000
6000000000000000000000000000000000000000000000000000000000000000000000000000000000000 6000000000000000000000000000000000000000000000000000000000000000000000000000001000000
9000000000000000000000000000000000 9000000000000000000000000001000000
90000000000000000000000000000000000000000000000000000 90000000000000000000000000000000000000000000001000000
400000000000000000000000000000000 400000000000000000000000001000000
800000000000000000000000000000000000000000000 800000000000000000000000000000000000001000000
9000000000000000000000000000000000000000000000000000000000000000000000000000000 9000000000000000000000000000000000000000000000000000000000000000000000001000000
400000000000000000000000000000000000000000000000000000 400000000000000000000000000000000000000000000001000000
90000000000000000000000000000000000 90000000000000000000000000001000000
200000000000000000000000000000 200000000000000000000001000000
800000000000000000000000000 800000000000000000001000000
200000000000000000000000000000000000 200000000000000000000000000001000000
20000000000000000000000000000000000000000000000000000000 20000000000000000000000000000000000000000000000001000000
50000000000000000000000000 50000000000000000001000000
90000000000000000000000000000000000000 90000000000000000000000000000001000000
90000000000000000000000000000000000000000000000000000000000000000000000000000000000000000 90000000000000000000000000000000000000000000000000000000000000000000000000000000001000000
60000000000000000000000000000000000000000000000000000000000000000000000000000000000000000000000000 60000000000000000000000000000000000000000000000000000000000000000000000000000000000000000001000000
600000000000000000000 600000000000001000000
900000000000000000000000000000000000000 900000000000000000000000000000001000000
300000000000000000000000000000000000000000 300000000000000000000000000000000001000000
500000000000000000000000000000000000000000000000000000000000000000000000000000000000000000000 500000000000000000000000000000000000000000000000000000000000000000000000000000000000001000000
80000000000000000000000000000000000000000000000000000000000000 80000000000000000000000000000000000000000000000000000001000000
3000000000000000000000000000000000000000000000000 3000000000000000000000000000000000000000001000000
2000000000000000000000000000000000 2000000000000000000000000001000000
900000000000000000000000000000000 900000000000000000000000001000000
6000000000000000000000000000000000 6000000000000000000000000001000000
5000000000000000000000000000000000000000000000000000000000000000000000000000000000000000000000 5000000000000000000000000000000000000000000000000000000000000000000000000000000000000001000000
20000000000000000000000000000000000000000000 20000000000000000000000000000000000001000000
400000000000000000000000000000000 400000000000000000000000001000000
4000000000000000 4000000001000000
900000000000000000000000000000000000000000000000000000000000000000 900000000000000000000000000000000000000000000000000000000001000000
30000000000000000000000000000000000000000000000000000000000000000000000 30000000000000000000000000000000000000000000000000000000000000001000000
90000000000000000000000000000000000000000000000000000000000000000000000000000000000000000 90000000000000000000000000000000000000000000000000000000000000000000000000000000001000000
30000000000000000000000000000000000000000000000000000000000000000 30000000000000000000000000000000000000000000000000000000001000000
2000000000000000000000000000000000000000000000000000000000000000000000000000000000000000000000000000 2000000000000000000000000000000000000000000000000000000000000000000000000000000000000000000001000000
60000000000000000000000000000000000000000000000000000000000000000 60000000000000000000000000000000000000000000000000000000001000000
1000000000000000000000000000000000000000000000000000000000000000000000000000000000000000000 1000000000000000000000000000000000000000000000000000000000000000000000000000000000001000000
5000000000000000000000000000000000000000000000000 5000000000000000000000000000000000000000001000000
500000000000000000000000000000000000000000000000000000000000000000000000000000000000000000000000000 500000000000000000000000000000000000000000000000000000000000000000000000000000000000000000001000000
6000000000000000000000000000000000000000000000000000000000 6000000000000000000000000000000000000000000000000001000000
20000000000000000000000000000000000000000000000000000000000000000000 20000000000000000000000000000000000000000000000000000000000001000000
6000000000000000000000000000000 6000000000000000000000001000000
7000000000000000 7000000001000000
200000000000000000000000000000000000000000000000000000 200000000000000000000000000000000000000000000001000000
700000000000000000000000000000000000000000000000000000000000000000000000000000000000000000000000000 700000000000000000000000000000000000000000000000000000000000000000000000000000000000000000001000000
900000000000000000000000000000000000000000000000000000000000000000000 900000000000000000000000000000000000000000000000000000000000001000000
4000000000000000000000000000000000000000000000000000 4000000000000000000000000000000000000000000001000000
70000000000000000000000000000000000000000000000000000000000000000000000000 70000000000000000000000000000000000000000000000000000000000000000001000000
10000000000000000000000000000000000000000000000000000000000 10000000000000000000000000000000000000000000000000001000000
4000000000000000000000000000000000000000000000000000000000000000000000000000000000 4000000000000000000000000000000000000000000000000000000000000000000000000001000000
3000000000000000000000000000000000000000 3000000000000000000000000000000001000000
5000000000000000000000000000000000000000000 5000000000000000000000000000000000001000000
3000000000000000000000000 3000000000000000001000000
80000000000000000 80000000001000000
900000000000000000000000000000000 900000000000000000000000001000000
900000000000000000000000000000000000000000000000000000000000000000000 900000000000000000000000000000000000000000000000000000000000001000000
3000000000000 3000001000000
600000000000000000000000000000000000000000000000000000000000000000000000000000000000000000000000 600000000000000000000000000000000000000000000000000000000000000000000000000000000000000001000000
3000000000000000000000000000000000000000000000000000000000 3000000000000000000000000000000000000000000000000001000000
90000000000000000000000000000000000000000000000000000000000000000000000000000000000000000000 90000000000000000000000000000000000000000000000000000000000000000000000000000000000001000000
1000000000000000000000000000000000000000000 1000000000000000000000000000000000001000000
30000000000000000000000000000000000000000000000000000000000 30000000000000000000000000000000000000000000000000001000000
8000000000000000000000000000000000000000000000000000000000 8000000000000000000000000000000000000000000000000001000000
10000000000000000000000000000000000000000000000000000000000000000000000000000000000000000000000000000 10000000000000000000000000000000000000000000000000000000000000000000000000000000000000000000001000000
70000000000000000000000000000000000000000000000000000000 70000000000000000000000000000000000000000000000001000000
70000000000000000000000000000000 70000000000000000000000001000000
30000000000000000000000000000000000000000000000000000000000000000000000000000000000000000000000000 30000000000000000000000000000000000000000000000000000000000000000000000000000000000000000001000000
60000000000000000000000000000000000000000000000000000000000000000000000000000000000000000000000000000 60000000000000000000000000000000000000000000000000000000000000000000000000000000000000000000001000000
3000000000000 3000001000000
90000000000000000000000000000000000000000000000000000000 90000000000000000000000000000000000000000000000001000000
7000000000000000000000000000000000000000000000000000000000000000000000000000000000000000000000000 7000000000000000000000000000000000000000000000000000000000000000000000000000000000000000001000000
2000000000000000000000000000000000000000000000000000000000000000000000000000000000000000000000000 2000000000000000000000000000000000000000000000000000000000000000000000000000000000000000001000000
40000000000 40001000000
200000000000000000000000000000000000000000000 200000000000000000000000000000000000001000000
100000000000000000000000000000000000000000000000 100000000000000000000000000000000000000001000000
5000000000000000000000000000000000000000000000000000 5000000000000000000000000000000000000000000001000000
50000000000000000000000000000000000000000 50000000000000000000000000000000001000000
900000000000000000000000000000000000000000000000000000000000000000000000000000000000000 900000000000000000000000000000000000000000000000000000000000000000000000000000001000000
400000000000000000000000000000000000000000000000000000000000000000000000000000000000000000000 400000000000000000000000000000000000000000000000000000000000000000000000000000000000001000000
2000000000000000000000000000000000000000000000000000000000000000000000000 2000000000000000000000000000000000000000000000000000000000000000001000000
9000000000000000000 9000000000001000000
4000000000000000000000000000000000000000000000000000000 4000000000000000000000000000000000000000000000001000000
8000000000000000000000000000000000000000000000000000000000000000000000000000000000000000000000000 8000000000000000000000000000000000000000000000000000000000000000000000000000000000000000001000000
30000000000000000000000000000 30000000000000000000001000000
500000000000000000000000000000000000000000000000000000000000000000000000000000000000 500000000000000000000000000000000000000000000000000000000000000000000000000001000000
50000000000000000000000000000000000000000000000000000000000000000000000 50000000000000000000000000000000000000000000000000000000000000001000000
300000000000000000000000000000000000000000000000000 300000000000000000000000000000000000000000001000000
7000000000000 7000001000000
700000000000000000000000000000000 700000000000000000000000001000000
7000000000000000000000000000 7000000000000000000001000000
70000000000000000000000000000000000000000000000000000000000000000000000000000000000000000000 70000000000000000000000000000000000000000000000000000000000000000000000000000000000001000000
70000000000000000000000000000000000000000000000000000000 70000000000000000000000000000000000000000000000001000000
90000000000000000000000000000000000000000000000000000000000000000 90000000000000000000000000000000000000000000000000000000001000000
60000000000000000000000000000000000000000000000000000000000000 60000000000000000000000000000000000000000000000000000001000000
6000000000000000000000000000000000 6000000000000000000000000001000000
90000000000000000000000000000000000000000000000000000000000000000000000000 90000000000000000000000000000000000000000000000000000000000000000001000000
90000000000000000000000000000000000000000000000000000000000000000000000 90000000000000000000000000000000000000000000000000000000000000001000000
60000000000000000000000000000000000000000000000000000000000000000 60000000000000000000000000000000000000000000000000000000001000000
200000000000000000000 200000000000001000000
800000000000000000000000000000000000000000000000000000000000000000000000 800000000000000000000000000000000000000000000000000000000000000001000000
400000000000000000000000000000000000000000000000000000000000000000000000000000000000000 400000000000000000000000000000000000000000000000000000000000000000000000000000001000000
9000000000000000000000000000000000000000000000000000000000 9000000000000000000000000000000000000000000000000001000000
200000000000000000000000000000000000000000000000000000000000000000000000000000000000000000 200000000000000000000000000000000000000000000000000000000000000000000000000000000001000000
5000000000000000000000000000000000000000000000000000000 5000000000000000000000000000000000000000000000001000000
400000000000000000 400000000001000000
200000000000000000000000000000000000000000000000000000000000000000000000000000000 200000000000000000000000000000000000000000000000000000000000000000000000001000000
800000000000000000000000000000000000000000000000000000000000 800000000000000000000000000000000000000000000000000001000000
10000000000000000000000000000000000000000000000000000 10000000000000000000000000000000000000000000001000000
700000000000000000000000000000000000000000000000000000000000000000000000 700000000000000000000000000000000000000000000000000000000000000001000000
100000000000000000000000000000000000000000000000000000000000000000000000 100000000000000000000000000000000000000000000000000000000000000001000000
6000000000000000000000 6000000000000001000000
9000000000000000000000000000000 9000000000000000000000001000000
300000000000000000000000000000000000000000000000000000000000000000000000000000000000000000000000000 300000000000000000000000000000000000000000000000000000000000000000000000000000000000000000001000000
9000000000000000000000000000000000000000000000000000000000000000000000000000 9000000000000000000000000000000000000000000000000000000000000000000001000000
7000000000000000000000000000000000000000000000000000000 7000000000000000000000000000000000000000000000001000000
8000000000000000000000000000000000000000000000 8000000000000000000000000000000000000001000000
1000000000000000000000000000000000000000000000000000000000000000000000000000000000000000 1000000000000000000000000000000000000000000000000000000000000000000000000000000001000000
7000000000000000000000000000000000000000000000000000000000000000000000000000000000000000000000000000 7000000000000000000000000000000000000000000000000000000000000000000000000000000000000000000001000000
400000000000000000000000000000000000000000000000000000000000000000000000000000000000000 400000000000000000000000000000000000000000000000000000000000000000000000000000001000000
80000000000000000000000000000000000000000000 80000000000000000000000000000000000001000000
8000000000000000000 8000000000001000000
3000000000000000000000000000000000000000000000000000000000000000000000000000000 3000000000000000000000000000000000000000000000000000000000000000000000001000000
5000000000000000000000000000000000000000000000000000000000000000000000 5000000000000000000000000000000000000000000000000000000000000001000000
3000000000000000000000000000000000000000000000000000000000000 3000000000000000000000000000000000000000000000000000001000000
500000000000000000000000000000000000000000000000000000000000000000 500000000000000000000000000000000000000000000000000000000001000000
600000000000000000000000000000000000000000000000000000 600000000000000000000000000000000000000000000001000000
50000000000000000000000000000000000000000000000000000000000000000000000000000000000000000000000000 50000000000000000000000000000000000000000000000000000000000000000000000000000000000000000001000000
700000000000000000000000000000000000000000000000000000000000 700000000000000000000000000000000000000000000000000001000000
700000000000 700001000000
50000000000000000000000000000000000000000000000000000000000000000000000000000000000000000000 50000000000000000000000000000000000000000000000000000000000000000000000000000000000001000000
900000000000000000000000000000000000000000000000000000000000000000000000 900000000000000000000000000000000000000000000000000000000000000001000000
20000000000000000000000000000000000000000000000000000000000000000000000000000000000000 20000000000000000000000000000000000000000000000000000000000000000000000000000001000000
3000000000000000000000000000000000000000000000000000000000000000000000 3000000000000000000000000000000000000000000000000000000000000001000000
40000000000000000000000000000000000000000000000000000000 40000000000000000000000000000000000000000000000001000000
90000000000000000000000000000000000000000000000000000 90000000000000000000000000000000000000000000001000000
900000000000000000000000000000000000000000000000000 900000000000000000000000000000000000000000001000000
10000000000000000000000000 10000000000000000001000000
1000000000000000 1000000001000000
100000000000000000000000000000000000000000000000000000000000000000000000000000000000000000000000 100000000000000000000000000000000000000000000000000000000000000000000000000000000000000001000000
400000000000000000000000000000000000000000000000000000000000000000000000000000000000 400000000000000000000000000000000000000000000000000000000000000000000000000001000000
90000000000000000000000000000000000000000000000000000000000000000000000000000000000000000 90000000000000000000000000000000000000000000000000000000000000000000000000000000001000000
80000000000000000000000000000000000000000000000000000000000000000000000 80000000000000000000000000000000000000000000000000000000000000001000000
100000000000000000000000000000000000000000000000000000000 100000000000000000000000000000000000000000000000001000000
4000000000000000000000000000000000000000000000000000000000000000000000000000000000000000 4000000000000000000000000000000000000000000000000000000000000000000000000000000001000000
2000000000000000000000000000000000000000000000000 2000000000000000000000000000000000000000001000000
90000000000000000000000000000000000000000000000000000000000000000 90000000000000000000000000000000000000000000000000000000001000000
30000000000000000000000000000000000000000000000000000000 30000000000000000000000000000000000000000000000001000000
50000000000000000000 50000000000001000000
5000000000000000000000000000000000000000000000000000000000000000000000 5000000000000000000000000000000000000000000000000000000000000001000000
800000000000000000000000000000000000000000000000000000000000000000000000000000000000000000 800000000000000000000000000000000000000000000000000000000000000000000000000000000001000000
100000000000000000000000000000000000000 100000000000000000000000000000001000000
900000000000000000000000000000000000000000000000000000000000000000000000000 900000000000000000000000000000000000000000000000000000000000000000001000000
90000000000000000000000000000000000000000000000000000000000000000000000000000000000 90000000000000000000000000000000000000000000000000000000000000000000000000001000000
30000000000000000000000000000000 30000000000000000000000001000000
1000000000000000000000 1000000000000001000000
7000000000000000000000000000000000000 7000000000000000000000000000001000000
50000000000000000000000000000000000000000000000000000000000 50000000000000000000000000000000000000000000000000001000000
40000000000000000000000000000000000000000000000000000000000000000000000000000000000 40000000000000000000000000000000000000000000000000000000000000000000000000001000000
5000000000000000000000000000000 5000000000000000000000001000000
5000000000000000000000000000000000000000000000000 5000000000000000000000000000000000000000001000000
100000000000000 100000001000000
60000000000000000 60000000001000000
400000000000000000000000000000000000000000000000000000000000000000000000000000 400000000000000000000000000000000000000000000000000000000000000000000001000000
9000000000000000000000000000000000000000000000000000000000000000000000000000000 9000000000000000000000000000000000000000000000000000000000000000000000001000000
10000000000000000000000000000000000000000000 10000000000000000000000000000000000001000000
1000000000000000000000000000000000000 1000000000000000000000000000001000000
40000000000000000000000000000000000000000 40000000000000000000000000000000001000000
80000000000000000000000000000000000000000000000000000000000000000000000000 80000000000000000000000000000000000000000000000000000000000000000001000000
70000000000000000000000000000000 70000000000000000000000001000000
7000000000000000000000000000000000000000000000000000000000000000000000000 7000000000000000000000000000000000000000000000000000000000000000001000000
5000000000000000000000000000000000000000 5000000000000000000000000000000001000000
4000000000000000000000000000000000000000 4000000000000000000000000000000001000000
60000000000000000000000000000000000000000000000000000000000000000000000000000000000000000000000000000 60000000000000000000000000000000000000000000000000000000000000000000000000000000000000000000001000000
50000000000000000000000000000000000000000000000000000000000000000000000000000000 50000000000000000000000000000000000000000000000000000000000000000000000001000000
70000000000000000000000000000000000000000 70000000000000000000000000000000001000000
30000000000000000000000000000000000000000000000000000000000000000000000000000000000000000000000000 30000000000000000000000000000000000000000000000000000000000000000000000000000000000000000001000000
50000000000000000000000000000000000000000000000000000000000000000000000000000000000000000 50000000000000000000000000000000000000000000000000000000000000000000000000000000001000000
20000000000000000000000000000000000000000000000000000000000000000000000000000000 20000000000000000000000000000000000000000000000000000000000000000000000001000000
10000000000 10001000000
500000000000000000000000000000000000000000000000000000000000000000000000000000000000000000000000000 500000000000000000000000000000000000000000000000000000000000000000000000000000000000000000001000000
300000000000000 300000001000000
20000000000000000000000000000000000000000000000000000000000000000000000000000 20000000000000000000000000000000000000000000000000000000000000000000001000000
300000000000000000000000000000000000000000000000000000000000000000000000000000000000000000000 300000000000000000000000000000000000000000000000000000000000000000000000000000000000001000000
400000000000000000000000000000000000000000000000 400000000000000000000000000000000000000001000000
6000000000000000000000000000000000000 6000000000000000000000000000001000000
2000000000000000000000000000000000000000000000000000000000 2000000000000000000000000000000000000000000000000001000000
6000000000000000000000000000000000000000000000000000000000 6000000000000000000000000000000000000000000000000001000000
30000000000000000000000000000000000000000000 30000000000000000000000000000000000001000000
30000000000000000000000000000000000000000000000000000000000000000000000000000000000000000000000000 30000000000000000000000000000000000000000000000000000000000000000000000000000000000000000001000000
90000000000000000000000000000000000000000000000000000000000 90000000000000000000000000000000000000000000000000001000000
700000000000000000000000000000 700000000000000000000001000000
100000000000000000000000000000000000000000000000000000000000000 100000000000000000000000000000000000000000000000000000001000000
200000000000000000000000000000000000000000000000000000000000000000000000 200000000000000000000000000000000000000000000000000000000000000001000000
10000000000000000000000000000000000000000000000000000000000000000000000000000000000000000000 10000000000000000000000000000000000000000000000000000000000000000000000000000000000001000000
10000000000000000000000000000000000000000000000000000000000000000000 10000000000000000000000000000000000000000000000000000000000001000000
20000000000000000000000000000000000000000000000000000000 20000000000000000000000000000000000000000000000001000000
6000000000000000000000000000000000000000000000000000000000000000000000000000000000000000000000000000 6000000000000000000000000000000000000000000000000000000000000000000000000000000000000000000001000000
10000000000000000000000000000000000000 10000000000000000000000000000001000000
400000000000 400001000000
600000000000000000000000000000000000000000000000000 600000000000000000000000000000000000000000001000000
7000000000000000000000000000000000000000 7000000000000000000000000000000001000000
3000000000000000000000000000000000000000000000 3000000000000000000000000000000000000001000000
70000000000000000000000000000000000000000000000000000000000000000000000000000000000000000000000000 70000000000000000000000000000000000000000000000000000000000000000000000000000000000000000001000000
50000000000000000000000000000000000000000000000000000000000000000000 50000000000000000000000000000000000000000000000000000000000001000000
3000000000000 3000001000000
90000000000000000000000000000000000000000000000000000000000000 90000000000000000000000000000000000000000000000000000001000000
700000000000000000000000000000000000000000000 700000000000000000000000000000000000001000000
300000000000000000000000000000000000 300000000000000000000000000001000000
2000000000000000000000000000000000000000000000000000000000000000000000000000000000000000000000 2000000000000000000000000000000000000000000000000000000000000000000000000000000000000001000000
50000000000000000000000000000000000000000000000000000000000000000000000000000000000000 50000000000000000000000000000000000000000000000000000000000000000000000000000001000000
300000000000000000000000000000000000000000000000000000000000000000000000000000000 300000000000000000000000000000000000000000000000000000000000000000000000001000000
7000000000000000000000000000000000000000000000000000000000000000000000000000000000000000000000000000 7000000000000000000000000000000000000000000000000000000000000000000000000000000000000000000001000000
200000000000000000000000000000000000000000000000000000000000000000000 200000000000000000000000000000000000000000000000000000000000001000000
500000000000000000000000 500000000000000001000000
700000000000000000000000 700000000000000001000000
9000000000000000000000000000000000000 9000000000000000000000000000001000000
30000000000000000000000000000 30000000000000000000001000000
20000000000000000000000000000000000000000000000000000000000000000 20000000000000000000000000000000000000000000000000000000001000000
500000000000000000000000000000000000000000000000000 500000000000000000000000000000000000000000001000000
60000000000000000000000000000000 60000000000000000000000001000000
400000000000000000000000000000000000000000000000000000000000000000000000000000000000000000 400000000000000000000000000000000000000000000000000000000000000000000000000000000001000000
3000000000000000000000000000000000000000000000000000000000 3000000000000000000000000000000000000000000000000001000000
6000000000000000000000000 6000000000000000001000000
30000000000000000000000000000000000000000000000000000000 30000000000000000000000000000000000000000000000001000000
5000000000000000000000000000000000000000000000000000000000000000000000000 5000000000000000000000000000000000000000000000000000000000000000001000000
6000000000000000000000000000000000000000000000000000000000000000000000000 6000000000000000000000000000000000000000000000000000000000000000001000000
300000000000000 300000001000000
90000000000000000000000000000000000000000000000000000000000000000000000000000000000000000000000 90000000000000000000000000000000000000000000000000000000000000000000000000000000000000001000000
800000000000000000000000000000000000000000000 800000000000000000000000000000000000001000000
30000000000000000000000000000000000000000000000000000000000000000000000000000 30000000000000000000000000000000000000000000000000000000000000000000001000000
600000000000000000000000000000000000000000000000000000000000000000000000 600000000000000000000000000000000000000000000000000000000000000001000000
2000000000000000000000000000000000000000000000000000000000000000 2000000000000000000000000000000000000000000000000000000001000000
500000000000000000000000000000000000 500000000000000000000000000001000000
200000000000000000000000000000 200000000000000000000001000000
10000000000000000000000000000000000 10000000000000000000000000001000000
90000000000000000000000000 90000000000000000001000000
4000000000000000000000000000000000000000000000000000000000000000000 4000000000000000000000000000000000000000000000000000000000001000000
10000000000000000000000000000000000000000000000000000000000000000000000000000000000000000000 10000000000000000000000000000000000000000000000000000000000000000000000000000000000001000000
6000000000000000000000000000000000 6000000000000000000000000001000000
5000000000000000000000000000000000000000000000 5000000000000000000000000000000000000001000000
10000000000000000000000000000000000000000000000000000000000000000000000000000000000000000000000 10000000000000000000000000000000000000000000000000000000000000000000000000000000000000001000000
800000000000000000000000000000000 800000000000000000000000001000000
600000000000000000000 600000000000001000000
100000000000000000000000000000000000000000000000000000000 100000000000000000000000000000000000000000000000001000000
30000000000000000000000000000000000000000000000 30000000000000000000000000000000000000001000000
3000000000000000000000000000000000000000000000 3000000000000000000000000000000000000001000000
300000000000000000000000000000000000000000000000000000000000 300000000000000000000000000000000000000000000000000001000000
60000000000000000000000000000000000000 60000000000000000000000000000001000000
5000000000000000000 5000000000001000000
900000000000000000000000000000000000000000000000000000000000000000000 900000000000000000000000000000000000000000000000000000000000001000000
4000000000000000000000000000000000000000000000000 4000000000000000000000000000000000000000001000000
3000000000000000000000000000000000000000000000000000000000000000000000000000000000000000000000000 3000000000000000000000000000000000000000000000000000000000000000000000000000000000000000001000000
9000000000000000 9000000001000000
60000000000000000000000000000000000000000000000000000000000000000000000000000000 60000000000000000000000000000000000000000000000000000000000000000000000001000000
40000000000000000000000000000000000000000000000000000 40000000000000000000000000000000000000000000001000000
90000000000000000000000000000000000000000000000000000000000000000000000000000000000 90000000000000000000000000000000000000000000000000000000000000000000000000001000000
30000000000000000 30000000001000000
1000000000000000000000000000000000000000000000 1000000000000000000000000000000000000001000000
100000000000000000000000000 100000000000000000001000000
1000000000000000000000000000000000000000000000000000000000 1000000000000000000000000000000000000000000000000001000000
8000000000000000000000000000000000000000000000000000000000000000000000 8000000000000000000000000000000000000000000000000000000000000001000000
40000000000000000000000 40000000000000001000000
80000000000000000000000000000000000000000000000000000000000000000000000 80000000000000000000000000000000000000000000000000000000000000001000000
10000000000000000000000000000000000000000000000000000000 10000000000000000000000000000000000000000000000001000000
500000000000000000000000000000000000000000000000000000000000000000000000000000000000 500000000000000000000000000000000000000000000000000000000000000000000000000001000000
900000000000000000000 900000000000001000000
4000000000000000000000 4000000000000001000000
80000000000000000000000000000000000000000000000000000000000000000000000000000000000 80000000000000000000000000000000000000000000000000000000000000000000000000001000000
100000000000000000000000000000000000000000000000000000000000 100000000000000000000000000000000000000000000000000001000000
800000000000 800001000000
7000000000000000000000000000000000000000000000000000000000000 7000000000000000000000000000000000000000000000000000001000000
8000000000000000000000000000000000000000000000000000000000000000000000000000000000000000000 8000000000000000000000000000000000000000000000000000000000000000000000000000000000001000000
7000000000000 7000001000000
700000000000000000000000000000000000000000000000000000000000000 700000000000000000000000000000000000000000000000000000001000000
1000000000000000000000000000000000000000000000000000000000000000 1000000000000000000000000000000000000000000000000000000001000000
8000000000000000000 8000000000001000000
9000000000000000000000000000000000000000000000000000000000000000 9000000000000000000000000000000000000000000000000000000001000000
600000000000000000000000000000000000000000000 600000000000000000000000000000000000001000000
8000000000000000000000000000000000000000000000000000000000000 8000000000000000000000000000000000000000000000000000001000000
90000000000000000000000000 90000000000000000001000000
20000000000000000000000000000000000000000000000000000000000000000000000000000 20000000000000000000000000000000000000000000000000000000000000000000001000000
7000000000000000000000 7000000000000001000000
900000000000000000000000000000000000000000000000000000000000000000 900000000000000000000000000000000000000000000000000000000001000000
500000000000000000000000000000000000000000000000000000000000000000000000000000000000000000000 500000000000000000000000000000000000000000000000000000000000000000000000000000000000001000000
80000000000000000 80000000001000000
50000000000000000000000000000000000000000000000000000000000000000 50000000000000000000000000000000000000000000000000000000001000000
30000000000000000000000000000000000000000000000000000000000000000000000000 30000000000000000000000000000000000000000000000000000000000000000001000000
200000000000000 200000001000000
70000000000000000000000000000000000000000000000000000000000000000000000000000000 70000000000000000000000000000000000000000000000000000000000000000000000001000000
200000000000000000000000000000000000000000000000000000000000000000 200000000000000000000000000000000000000000000000000000000001000000
1000000000000000000000000000000000000000000000000000000000000000000000000000000000000 1000000000000000000000000000000000000000000000000000000000000000000000000000001000000
60000000000000000000000000000 60000000000000000000001000000
600000000000000000000000 600000000000000001000000
30000000000000000000000000 30000000000000000001000000
300000000000000000000000000000000000 300000000000000000000000000001000000
500000000000000000000000000000000000000000000000000000000000000000000000000 500000000000000000000000000000000000000000000000000000000000000000001000000
70000000000000 70000001000000
4000000000000000000000000000000000000000000000000000000000000 4000000000000000000000000000000000000000000000000000001000000
80000000000000000000000000000000000000000000000000000000000000000000000000000000 80000000000000000000000000000000000000000000000000000000000000000000000001000000
8000000000000000000000000000 8000000000000000000001000000
50000000000000000000000000000000000000000000000 50000000000000000000000000000000000000001000000
20000000000000000000000000000000000000000000000000000000000 20000000000000000000000000000000000000000000000000001000000
900000000000000000000000000000000000000000000000000000000000000000000000 900000000000000000000000000000000000000000000000000000000000000001000000
200000000000000000000000000000000000000000000000000000000000000000000000000000000000000 200000000000000000000000000000000000000000000000000000000000000000000000000000001000000
3000000000000000000000000000000000000000000000000000000000000000000000000 3000000000000000000000000000000000000000000000000000000000000000001000000
5000000000000000000000000000000000000000000000000000000000000000000000000000000000 5000000000000000000000000000000000000000000000000000000000000000000000000001000000
2000000000000000000000 2000000000000001000000
900000000000000000000000000 900000000000000000001000000
7000000000000000000000 7000000000000001000000
70000000000000000000000000000000000000000000000000000000000000000000000000000000000000000000000000000 70000000000000000000000000000000000000000000000000000000000000000000000000000000000000000000001000000
60000000000000000000 60000000000001000000
400000000000000000000000000000000000000000000000000000000000000000000000000000000000000000000000000 400000000000000000000000000000000000000000000000000000000000000000000000000000000000000000001000000
40000000000000000000000000000000000000000000000000000000000000000000 40000000000000000000000000000000000000000000000000000000000001000000
6000000000000000000000000000000000000000000000000000000000000000000000000000000000000000000 6000000000000000000000000000000000000000000000000000000000000000000000000000000000001000000
8000000000000000000000000000000000000000000000000000000000 8000000000000000000000000000000000000000000000000001000000
700000000000000000000000000000 700000000000000000000001000000
2000000000000000000000000000000000000000000000000000000000000 2000000000000000000000000000000000000000000000000000001000000
200000000000000000000000000000000000 200000000000000000000000000001000000
50000000000000000000000000000000 50000000000000000000000001000000
40000000000000000000000000000000000000000000000000000000000000 40000000000000000000000000000000000000000000000000000001000000
700000000000000000000000000000000000000000000000000000 700000000000000000000000000000000000000000000001000000
90000000000000000000000000000000000000000000000000000000000000 90000000000000000000000000000000000000000000000000000001000000
50000000000000000000000000000000000000000000000000000000000000000 50000000000000000000000000000000000000000000000000000000001000000
7000000000000000000000000000000000000000000000000000000000000000000000000000000000000000000 7000000000000000000000000000000000000000000000000000000000000000000000000000000000001000000
2000000000000000000000000000000 2000000000000000000000001000000
6000000000000000000000000000000000000000000000000000000 6000000000000000000000000000000000000000000000001000000
8000000000000000000000000000000000000000000000000000000000000000000000000000000000 8000000000000000000000000000000000000000000000000000000000000000000000000001000000
40000000000000000000000000000000000000000000000000000000000000000000000000000000000000 40000000000000000000000000000000000000000000000000000000000000000000000000000001000000
70000000000000000000000000000000000000000000000000000000000000000000000000000000000000000000000 70000000000000000000000000000000000000000000000000000000000000000000000000000000000000001000000
2000000000000000000000000000000000000000000000000000000 2000000000000000000000000000000000000000000000001000000
2000000000000000000000000000000 2000000000000000000000001000000
80000000000000000000000000000000000000000000000 80000000000000000000000000000000000000001000000
800000000000000000 800000000001000000
5000000000000000000 5000000000001000000
9000000000000000000000000 9000000000000000001000000
70000000000000000000000000000000000000000000000000000000000000000 70000000000000000000000000000000000000000000000000000000001000000
3000000000000000000000000000000000000000000000000000000000000000000000000000000000 3000000000000000000000000000000000000000000000000000000000000000000000000001000000
4000000000000000000000000000000000000000000000000000000000 4000000000000000000000000000000000000000000000000001000000
4000000000000000000000000000000000000 4000000000000000000000000000001000000
50000000000000000000000000000000000000000000000000000000000000000 50000000000000000000000000000000000000000000000000000000001000000
700000000000000000000000000000000000000000000000000000000000000000000000000000000000000000 700000000000000000000000000000000000000000000000000000000000000000000000000000000001000000
500000000000000000000000000000000000000000000000000000000000000000000000000000 500000000000000000000000000000000000000000000000000000000000000000000001000000
50000000000000000000000000000000 50000000000000000000000001000000
70000000000000000000000000000000000000000 70000000000000000000000000000000001000000
2000000000000000000000000000000000000000000000000000000 2000000000000000000000000000000000000000000000001000000
1000000000000000000000000000000000000000000000000000000000000000000000000000000000000000000 1000000000000000000000000000000000000000000000000000000000000000000000000000000000001000000
600000000000000000000000000000000000000000000000000000000000000000000000 600000000000000000000000000000000000000000000000000000000000000001000000
30000000000000000000000000000 30000000000000000000001000000
10000000000000000000000000000000000000000000000000000000000000000000000000000000000000000000000000000 10000000000000000000000000000000000000000000000000000000000000000000000000000000000000000000001000000
2000000000000000000000000000000000000000000000000000000 2000000000000000000000000000000000000000000000001000000
400000000000000000000000000000 400000000000000000000001000000
7000000000000000000000000000000000000000 7000000000000000000000000000000001000000
5000000000000000000000000000000000000000000000000000000 5000000000000000000000000000000000000000000000001000000
700000000000000000000000000000000000000000000000000000000000000000000000000000000000000 700000000000000000000000000000000000000000000000000000000000000000000000000000001000000
5000000000000000000000 5000000000000001000000
4000000000000000000000000000000000000000000000000000000000000000000000000000000000000000000 4000000000000000000000000000000000000000000000000000000000000000000000000000000000001000000
50000000000000000000000000000000000000000000000000000000000000000 50000000000000000000000000000000000000000000000000000000001000000
8000000000000000000000000000000000000000000 8000000000000000000000000000000000001000000
30000000000000000000000000000000000000 30000000000000000000000000000001000000
40000000000000000000000000000000000000 40000000000000000000000000000001000000
9000000000000000000000000000000000000000000000000000000 9000000000000000000000000000000000000000000000001000000
100000000000000000000000000000000000000000 100000000000000000000000000000000001000000
900000000000000000000000000000000000000000000000000 900000000000000000000000000000000000000000001000000
70000000000000000000000000000000000000000000000000000000000000000000000000000000 70000000000000000000000000000000000000000000000000000000000000000000000001000000
10000000000000000000000000 10000000000000000001000000
60000000000000000000000000000000000000 60000000000000000000000000000001000000
400000000000000000000000000000000 400000000000000000000000001000000
6000000000000 6000001000000
40000000000000000000000000000000000000000000000000000000000000 40000000000000000000000000000000000000000000000000000001000000
3000000000000000000 3000000000001000000
700000000000000000000000000000000000000000000000000000000000 700000000000000000000000000000000000000000000000000001000000
1000000000000000000000000000000000000000000000000000 1000000000000000000000000000000000000000000001000000
9000000000000000000000000000000000000 9000000000000000000000000000001000000
50000000000000000000000000000000000000000000000000000000000000000000000000000000000000000000 50000000000000000000000000000000000000000000000000000000000000000000000000000000000001000000
300000000000 300001000000
8000000000000000000000 8000000000000001000000
90000000000000000000000000 90000000000000000001000000
20000000000000000000000000000000000000000000000000 20000000000000000000000000000000000000000001000000
800000000000000000 800000000001000000
8000000000000000000000000000000000000000000000000000000000000000000000000000000000000000000000000000 8000000000000000000000000000000000000000000000000000000000000000000000000000000000000000000001000000
900000000000000000000000000000000000000000000000000000000 900000000000000000000000000000000000000000000000001000000
600000000000000000000000000000000000000000000000000000000000000 600000000000000000000000000000000000000000000000000000001000000
4000000000000000000000000000000000 4000000000000000000000000001000000
30000000000000000000000000000000 30000000000000000000000001000000
50000000000000000000000000000000000 50000000000000000000000000001000000
40000000000000000000000000000 40000000000000000000001000000
100000000000000000000000000000000 100000000000000000000000001000000
4000000000000000000000000000000000000000000000000000000 4000000000000000000000000000000000000000000000001000000
70000000000000000 70000000001000000
9000000000000000000000000000000000000000000000000 9000000000000000000000000000000000000000001000000
100000000000000000000000000 100000000000000000001000000
